0.01 0.0129903810568
0.02 0.025964456923
0.03 0.0389222275987
0.04 0.0518636930839
0.05 0.0647888533785
0.06 0.0776977084827
0.07 0.0905902583963
0.08 0.103466503119
0.09 0.116326442652
0.1 0.129170076994
0.11 0.141997406145
0.12 0.154808430106
0.13 0.167603148877
0.14 0.180381562457
0.15 0.193143670846
0.16 0.205889474045
0.17 0.218618972053
0.18 0.231332164871
0.19 0.244029052498
0.2 0.256709634935
0.21 0.269373912181
0.22 0.282021884237
0.23 0.294653551102
0.24 0.307268912777
0.25 0.319867969261
0.26 0.332450720554
0.27 0.345017166657
0.28 0.35756730757
0.29 0.370101143292
0.3 0.382618673823
0.31 0.395119899164
0.32 0.407604819314
0.33 0.420073434274
0.34 0.432525744044
0.35 0.444961748622
0.36 0.457381448011
0.37 0.469784842208
0.38 0.482171931216
0.39 0.494542715032
0.4 0.506897193659
0.41 0.519235367094
0.42 0.531557235339
0.43 0.543862798394
0.44 0.556152056258
0.45 0.568425008931
0.46 0.580681656414
0.47 0.592921998707
0.48 0.605146035809
0.49 0.61735376772
0.5 0.629545194441
0.51 0.641720315971
0.52 0.653879132311
0.53 0.666021643461
0.54 0.678147849419
0.55 0.690257750188
0.56 0.702351345765
0.57 0.714428636152
0.58 0.726489621349
0.59 0.738534301355
0.6 0.750562676171
0.61 0.762574745796
0.62 0.77457051023
0.63 0.786549969474
0.64 0.798513123528
0.65 0.810459972391
0.66 0.822390516063
0.67 0.834304754545
0.68 0.846202687836
0.69 0.858084315937
0.7 0.869949638848
0.71 0.881798656567
0.72 0.893631369097
0.73 0.905447776435
0.74 0.917247878584
0.75 0.929031675541
0.76 0.940799167308
0.77 0.952550353885
0.78 0.964285235271
0.79 0.976003811467
0.8 0.987706082472
0.81 0.999392048286
0.82 1.01106170891
0.83 1.02271506434
0.84 1.03435211459
0.85 1.04597285964
0.86 1.0575772995
0.87 1.06916543417
0.88 1.08073726365
0.89 1.09229278794
0.9 1.10383200704
0.91 1.11535492095
0.92 1.12686152967
0.93 1.1383518332
0.94 1.14982583154
0.95 1.16128352468
0.96 1.17272491264
0.97 1.18414999541
0.98 1.19555877298
0.99 1.20695124537
1.0 1.21832741256
1.01 1.22968727457
1.02 1.24103083138
1.03 1.252358083
1.04 1.26366902943
1.05 1.27496367068
1.06 1.28624200673
1.07 1.29750403759
1.08 1.30874976326
1.09 1.31997918374
1.1 1.33119229903
1.11 1.34238910913
1.12 1.35356961403
1.13 1.36473381375
1.14 1.37588170828
1.15 1.38701329761
1.16 1.39812858176
1.17 1.40922756072
1.18 1.42031023448
1.19 1.43137660306
1.2 1.44242666644
1.21 1.45346042463
1.22 1.46447787764
1.23 1.47547902545
1.24 1.48646386807
1.25 1.4974324055
1.26 1.50838463774
1.27 1.51932056479
1.28 1.53024018665
1.29 1.54114350332
1.3 1.5520305148
1.31 1.56290122109
1.32 1.57375562218
1.33 1.58459371809
1.34 1.59541550881
1.35 1.60622099433
1.36 1.61701017467
1.37 1.62778304981
1.38 1.63853961977
1.39 1.64927988453
1.4 1.66000384411
1.41 1.67071149849
1.42 1.68140284768
1.43 1.69207789168
1.44 1.70273663049
1.45 1.71337906411
1.46 1.72400519254
1.47 1.73461501578
1.48 1.74520853383
1.49 1.75578574669
1.5 1.76634665436
1.51 1.77689125684
1.52 1.78741955412
1.53 1.79793154622
1.54 1.80842723313
1.55 1.81890661484
1.56 1.82936969137
1.57 1.8398164627
1.58 1.85024692885
1.59 1.8606610898
1.6 1.87105894556
1.61 1.88144049613
1.62 1.89180574152
1.63 1.90215468171
1.64 1.91248731671
1.65 1.92280364652
1.66 1.93310367114
1.67 1.94338739057
1.68 1.9536548048
1.69 1.96390591385
1.7 1.97414071771
1.71 1.98435921638
1.72 1.99456140985
1.73 2.00474729814
1.74 2.01491688123
1.75 2.02507015914
1.76 2.03520713185
1.77 2.04532779938
1.78 2.05543216171
1.79 2.06552021885
1.8 2.07559197081
1.81 2.08564741757
1.82 2.09568655914
1.83 2.10570939552
1.84 2.11571592671
1.85 2.12570615271
1.86 2.13568007352
1.87 2.14563768914
1.88 2.15557899956
1.89 2.1655040048
1.9 2.17541270485
1.91 2.1853050997
1.92 2.19518118937
1.93 2.20504097385
1.94 2.21488445313
1.95 2.22471162723
1.96 2.23452249613
1.97 2.24431705984
1.98 2.25409531836
1.99 2.2638572717
2.0 2.27360291984
2.01 2.28333226279
2.02 2.29304530055
2.03 2.30274203312
2.04 2.3124224605
2.05 2.32208658269
2.06 2.33173439969
2.07 2.3413659115
2.08 2.35098111811
2.09 2.36058001954
2.1 2.37016261578
2.11 2.37972890682
2.12 2.38927889268
2.13 2.39881257334
2.14 2.40832994882
2.15 2.4178310191
2.16 2.42731578419
2.17 2.4367842441
2.18 2.44623639881
2.19 2.45567224833
2.2 2.46509179266
2.21 2.4744950318
2.22 2.48388196575
2.23 2.49325259451
2.24 2.50260691808
2.25 2.51194493646
2.26 2.52126664965
2.27 2.53057205764
2.28 2.53986116045
2.29 2.54913395807
2.3 2.55839045049
2.31 2.56763063773
2.32 2.57685451977
2.33 2.58606209663
2.34 2.59525336829
2.35 2.60442833476
2.36 2.61358699604
2.37 2.62272935214
2.38 2.63185540304
2.39 2.64096514875
2.4 2.65005858927
2.41 2.6591357246
2.42 2.66819655474
2.43 2.67724107969
2.44 2.68626929945
2.45 2.69528121401
2.46 2.70427682339
2.47 2.71325612758
2.48 2.72221912657
2.49 2.73116582038
2.5 2.740096209
2.51 2.74901029242
2.52 2.75790807065
2.53 2.7667895437
2.54 2.77565471155
2.55 2.78450357421
2.56 2.79333613169
2.57 2.80215238397
2.58 2.81095233106
2.59 2.81973597296
2.6 2.82850330967
2.61 2.83725434119
2.62 2.84598906752
2.63 2.85470748866
2.64 2.8634096046
2.65 2.87209541536
2.66 2.88076492093
2.67 2.8894181213
2.68 2.89805501649
2.69 2.90667560648
2.7 2.91527989129
2.71 2.9238678709
2.72 2.93243954533
2.73 2.94099491456
2.74 2.9495339786
2.75 2.95805673745
2.76 2.96656319112
2.77 2.97505333959
2.78 2.98352718287
2.79 2.99198472096
2.8 3.00042595386
2.81 3.00885088156
2.82 3.01725950408
2.83 3.02565182141
2.84 3.03402783355
2.85 3.04238754049
2.86 3.05073094225
2.87 3.05905803882
2.88 3.06736883019
2.89 3.07566331638
2.9 3.08394149737
2.91 3.09220337317
2.92 3.10044894379
2.93 3.10867820921
2.94 3.11689116944
2.95 3.12508782448
2.96 3.13326817433
2.97 3.14143221899
2.98 3.14957995846
2.99 3.15771139274
3.0 3.16582652183
3.01 3.17392534573
3.02 3.18200786444
3.03 3.19007407796
3.04 3.19812398628
3.05 3.20615758942
3.06 3.21417488736
3.07 3.22217588012
3.08 3.23016056768
3.09 3.23812895006
3.1 3.24608102724
3.11 3.25401679923
3.12 3.26193626604
3.13 3.26983942765
3.14 3.27772628407
3.15 3.2855968353
3.16 3.29345108134
3.17 3.30128902219
3.18 3.30911065785
3.19 3.31691598832
3.2 3.3247050136
3.21 3.33247773368
3.22 3.34023414858
3.23 3.34797425829
3.24 3.3556980628
3.25 3.36340556213
3.26 3.37109675626
3.27 3.37877164521
3.28 3.38643022896
3.29 3.39407250753
3.3 3.4016984809
3.31 3.40930814908
3.32 3.41690151207
3.33 3.42447856988
3.34 3.43203932249
3.35 3.43958376991
3.36 3.44711191214
3.37 3.45462374918
3.38 3.46211928102
3.39 3.46959850768
3.4 3.47706142915
3.41 3.48450804543
3.42 3.49193835651
3.43 3.49935236241
3.44 3.50675006312
3.45 3.51413145863
3.46 3.52149654895
3.47 3.52884533409
3.48 3.53617781403
3.49 3.54349398878
3.5 3.55079385835
3.51 3.55807742272
3.52 3.5653446819
3.53 3.57259563589
3.54 3.57983028469
3.55 3.5870486283
3.56 3.59425066672
3.57 3.60143639995
3.58 3.60860582799
3.59 3.61575895083
3.6 3.62289576849
3.61 3.63001628096
3.62 3.63712048823
3.63 3.64420839032
3.64 3.65127998721
3.65 3.65833527892
3.66 3.66537426543
3.67 3.67239694676
3.68 3.67940332289
3.69 3.68639339383
3.7 3.69336715958
3.71 3.70032462014
3.72 3.70726577552
3.73 3.7141906257
3.74 3.72109917069
3.75 3.72799141048
3.76 3.73486734509
3.77 3.74172697451
3.78 3.74857029874
3.79 3.75539731778
3.8 3.76220803162
3.81 3.76900244028
3.82 3.77578054374
3.83 3.78254234202
3.84 3.7892878351
3.85 3.796017023
3.86 3.8027299057
3.87 3.80942648321
3.88 3.81610675554
3.89 3.82277072267
3.9 3.82941838461
3.91 3.83604974136
3.92 3.84266479292
3.93 3.84926353929
3.94 3.85584598047
3.95 3.86241211646
3.96 3.86896194725
3.97 3.87549547286
3.98 3.88201269328
3.99 3.88851360851
4.0 3.89499821854
4.01 3.90146652339
4.02 3.90791852304
4.03 3.91435421751
4.04 3.92077360678
4.05 3.92717669086
4.06 3.93356346976
4.07 3.93993394346
4.08 3.94628811197
4.09 3.95262597529
4.1 3.95894753342
4.11 3.96525278636
4.12 3.97154173411
4.13 3.97781437667
4.14 3.98407071404
4.15 3.99031074622
4.16 3.9965344732
4.17 4.002741895
4.18 4.00893301161
4.19 4.01510782302
4.2 4.02126632925
4.21 4.02740853028
4.22 4.03353442613
4.23 4.03964401678
4.24 4.04573730225
4.25 4.05181428252
4.26 4.0578749576
4.27 4.06391932749
4.28 4.06994739219
4.29 4.0759591517
4.3 4.08195460602
4.31 4.08793375515
4.32 4.09389659909
4.33 4.09984313784
4.34 4.1057733714
4.35 4.11168729977
4.36 4.11758492294
4.37 4.12346624093
4.38 4.12933125373
4.39 4.13517996133
4.4 4.14101236375
4.41 4.14682846097
4.42 4.152628253
4.43 4.15841173985
4.44 4.1641789215
4.45 4.16992979796
4.46 4.17566436923
4.47 4.18138263531
4.48 4.18708459621
4.49 4.19277025191
4.5 4.19843960242
4.51 4.20409264773
4.52 4.20972938786
4.53 4.2153498228
4.54 4.22095395255
4.55 4.2265417771
4.56 4.23211329647
4.57 4.23766851065
4.58 4.24320741963
4.59 4.24873002343
4.6 4.25423632203
4.61 4.25972631544
4.62 4.26520000367
4.63 4.2706573867
4.64 4.27609846454
4.65 4.28152323719
4.66 4.28693170466
4.67 4.29232386693
4.68 4.29769972401
4.69 4.3030592759
4.7 4.30840252259
4.71 4.3137294641
4.72 4.31904010042
4.73 4.32433443155
4.74 4.32961245749
4.75 4.33487417823
4.76 4.34011959379
4.77 4.34534870415
4.78 4.35056150933
4.79 4.35575800931
4.8 4.36093820411
4.81 4.36610209371
4.82 4.37124967812
4.83 4.37638095734
4.84 4.38149593137
4.85 4.38659460022
4.86 4.39167696387
4.87 4.39674302233
4.88 4.4017927756
4.89 4.40682622367
4.9 4.41184336656
4.91 4.41684420426
4.92 4.42182873677
4.93 4.42679696408
4.94 4.43174888621
4.95 4.43668450315
4.96 4.44160381489
4.97 4.44650682145
4.98 4.45139352281
4.99 4.45626391898
5.0 4.46111800997
5.01 4.46595579576
5.02 4.47077727636
5.03 4.47558245177
5.04 4.48037132199
5.05 4.48514388703
5.06 4.48990014686
5.07 4.49464010151
5.08 4.49936375097
5.09 4.50407109524
5.1 4.50876213432
5.11 4.51343686821
5.12 4.5180952969
5.13 4.52273742041
5.14 4.52736323873
5.15 4.53197275185
5.16 4.53656595979
5.17 4.54114286253
5.18 4.54570346008
5.19 4.55024775245
5.2 4.55477573962
5.21 4.5592874216
5.22 4.56378279839
5.23 4.56826186999
5.24 4.5727246364
5.25 4.57717109762
5.26 4.58160125365
5.27 4.58601510449
5.28 4.59041265014
5.29 4.5947938906
5.3 4.59915882586
5.31 4.60350745594
5.32 4.60783978083
5.33 4.61215580052
5.34 4.61645551503
5.35 4.62073892434
5.36 4.62500602847
5.37 4.6292568274
5.38 4.63349132114
5.39 4.6377095097
5.4 4.64191139306
5.41 4.64609697123
5.42 4.65026624421
5.43 4.654419212
5.44 4.6585558746
5.45 4.66267623201
5.46 4.66678028423
5.47 4.67086803126
5.48 4.6749394731
5.49 4.67899460974
5.5 4.6830334412
5.51 4.68705596747
5.52 4.69106218854
5.53 4.69505210443
5.54 4.69902571512
5.55 4.70298302062
5.56 4.70692402094
5.57 4.71084871606
5.58 4.71475710599
5.59 4.71864919074
5.6 4.72252497029
5.61 4.72638444465
5.62 4.73022761382
5.63 4.7340544778
5.64 4.73786503659
5.65 4.74165929019
5.66 4.74543723859
5.67 4.74919888181
5.68 4.75294421984
5.69 4.75667325268
5.7 4.76038598032
5.71 4.76408240278
5.72 4.76776252004
5.73 4.77142633212
5.74 4.775073839
5.75 4.77870504069
5.76 4.7823199372
5.77 4.78591852851
5.78 4.78950081463
5.79 4.79306679556
5.8 4.7966164713
5.81 4.80014984185
5.82 4.80366690721
5.83 4.80716766738
5.84 4.81065212236
5.85 4.81412027215
5.86 4.81757211675
5.87 4.82100765615
5.88 4.82442689037
5.89 4.8278298194
5.9 4.83121644323
5.91 4.83458676188
5.92 4.83794077533
5.93 4.8412784836
5.94 4.84459988667
5.95 4.84790498455
5.96 4.85119377725
5.97 4.85446626475
5.98 4.85772244706
5.99 4.86096232418
6.0 4.86418589611
6.01 4.86739316285
6.02 4.8705841244
6.03 4.87375878076
6.04 4.87691713193
6.05 4.8800591779
6.06 4.88318491869
6.07 4.88629435429
6.08 4.88938748469
6.09 4.89246430991
6.1 4.89552482993
6.11 4.89856904477
6.12 4.90159695441
6.13 4.90460855886
6.14 4.90760385813
6.15 4.9105828522
6.16 4.91354554108
6.17 4.91649192477
6.18 4.91942200327
6.19 4.92233577658
6.2 4.9252332447
6.21 4.92811440763
6.22 4.93097926537
6.23 4.93382781792
6.24 4.93666006528
6.25 4.93947600744
6.26 4.94227564442
6.27 4.94505897621
6.28 4.9478260028
6.29 4.95057672421
6.3 4.95331114042
6.31 4.95602925145
6.32 4.95873105728
6.33 4.96141655792
6.34 4.96408575337
6.35 4.96673864364
6.36 4.96937522871
6.37 4.97199550859
6.38 4.97459948328
6.39 4.97718715278
6.4 4.97975851709
6.41 4.98231357621
6.42 4.98485233013
6.43 4.98737477887
6.44 4.98988092242
6.45 4.99237076077
6.46 4.99484429394
6.47 4.99730152192
6.48 4.9997424447
6.49 5.0021670623
6.5 5.0045753747
6.51 5.00696738191
6.52 5.00934308394
6.53 5.01170248077
6.54 5.01404557241
6.55 5.01637235886
6.56 5.01868284012
6.57 5.02097701619
6.58 5.02325488707
6.59 5.02551645276
6.6 5.02776171326
6.61 5.02999066857
6.62 5.03220331868
6.63 5.03439966361
6.64 5.03657970335
6.65 5.03874343789
6.66 5.04089086725
6.67 5.04302199141
6.68 5.04513681039
6.69 5.04723532417
6.7 5.04931753276
6.71 5.05138343617
6.72 5.05343303438
6.73 5.0554663274
6.74 5.05748331523
6.75 5.05948399787
6.76 5.06146837532
6.77 5.06343644758
6.78 5.06538821465
6.79 5.06732367653
6.8 5.06924283322
6.81 5.07114568472
6.82 5.07303223102
6.83 5.07490247214
6.84 5.07675640807
6.85 5.0785940388
6.86 5.08041536435
6.87 5.0822203847
6.88 5.08400909986
6.89 5.08578150984
6.9 5.08753761462
6.91 5.08927741421
6.92 5.09100090861
6.93 5.09270809782
6.94 5.09439898185
6.95 5.09607356068
6.96 5.09773183431
6.97 5.09937380276
6.98 5.10099946602
6.99 5.10260882409
7.0 5.10420187697
7.01 5.10577862465
7.02 5.10733906715
7.03 5.10888320446
7.04 5.11041103657
7.05 5.1119225635
7.06 5.11341778523
7.07 5.11489670177
7.08 5.11635931313
7.09 5.11780561929
7.1 5.11923562026
7.11 5.12064931604
7.12 5.12204670664
7.13 5.12342779204
7.14 5.12479257225
7.15 5.12614104727
7.16 5.12747321709
7.17 5.12878908173
7.18 5.13008864118
7.19 5.13137189544
7.2 5.13263884451
7.21 5.13388948838
7.22 5.13512382707
7.23 5.13634186056
7.24 5.13754358887
7.25 5.13872901198
7.26 5.13989812991
7.27 5.14105094264
7.28 5.14218745018
7.29 5.14330765253
7.3 5.14441154969
7.31 5.14549914167
7.32 5.14657042845
7.33 5.14762541004
7.34 5.14866408644
7.35 5.14968645764
7.36 5.15069252366
7.37 5.15168228449
7.38 5.15265574013
7.39 5.15361289058
7.4 5.15455373583
7.41 5.1554782759
7.42 5.15638651077
7.43 5.15727844046
7.44 5.15815406495
7.45 5.15901338425
7.46 5.15985639837
7.47 5.16068310729
7.48 5.16149351102
7.49 5.16228760956
7.5 5.16306540292
7.51 5.16382689108
7.52 5.16457207405
7.53 5.16530095183
7.54 5.16601352441
7.55 5.16670979181
7.56 5.16738975402
7.57 5.16805341104
7.58 5.16870076286
7.59 5.1693318095
7.6 5.16994655095
7.61 5.1705449872
7.62 5.17112711827
7.63 5.17169294414
7.64 5.17224246482
7.65 5.17277568032
7.66 5.17329259062
7.67 5.17379319573
7.68 5.17427749565
7.69 5.17474549038
7.7 5.17519717992
7.71 5.17563256427
7.72 5.17605164343
7.73 5.1764544174
7.74 5.17684088618
7.75 5.17721104977
7.76 5.17756490817
7.77 5.17790246137
7.78 5.17822370939
7.79 5.17852865221
7.8 5.17881728985
7.81 5.17908962229
7.82 5.17934564955
7.83 5.17958537161
7.84 5.17980878849
7.85 5.18001590017
7.86 5.18020670666
7.87 5.18038120796
7.88 5.18053940407
7.89 5.18068129499
7.9 5.18080688072
7.91 5.18091616126
7.92 5.18100913661
7.93 5.18108580677
7.94 5.18114617174
7.95 5.18119023151
7.96 5.1812179861
7.97 5.1812294355
7.98 5.1812245797
7.99 5.18120341872
8.0 5.18116595254
8.01 5.18111218118
8.02 5.18104210462
8.03 5.18095572287
8.04 5.18085303594
8.05 5.18073404381
8.06 5.18059874649
8.07 5.18044714398
8.08 5.18027923628
8.09 5.18009502339
8.1 5.17989450531
8.11 5.17967768204
8.12 5.17944455358
8.13 5.17919511992
8.14 5.17892938108
8.15 5.17864733705
8.16 5.17834898782
8.17 5.17803433341
8.18 5.1777033738
8.19 5.17735610901
8.2 5.17699253902
8.21 5.17661266385
8.22 5.17621648348
8.23 5.17580399792
8.24 5.17537520717
8.25 5.17493011123
8.26 5.17446871011
8.27 5.17399100379
8.28 5.17349699228
8.29 5.17298667558
8.3 5.17246005368
8.31 5.1719171266
8.32 5.17135789433
8.33 5.17078235687
8.34 5.17019051421
8.35 5.16958236637
8.36 5.16895791334
8.37 5.16831715511
8.38 5.16766009169
8.39 5.16698672309
8.4 5.16629704929
8.41 5.16559107031
8.42 5.16486878613
8.43 5.16413019676
8.44 5.1633753022
8.45 5.16260410245
8.46 5.16181659751
8.47 5.16101278738
8.48 5.16019267206
8.49 5.15935625155
8.5 5.15850352585
8.51 5.15763449496
8.52 5.15674915887
8.53 5.1558475176
8.54 5.15492957114
8.55 5.15399531948
8.56 5.15304476264
8.57 5.1520779006
8.58 5.15109473337
8.59 5.15009526096
8.6 5.14907948335
8.61 5.14804740055
8.62 5.14699901256
8.63 5.14593431939
8.64 5.14485332102
8.65 5.14375601746
8.66 5.14264240871
8.67 5.14151249477
8.68 5.14036627563
8.69 5.13920375131
8.7 5.1380249218
8.71 5.1368297871
8.72 5.1356183472
8.73 5.13439060212
8.74 5.13314655185
8.75 5.13188619638
8.76 5.13060953572
8.77 5.12931656988
8.78 5.12800729884
8.79 5.12668172261
8.8 5.1253398412
8.81 5.12398165459
8.82 5.12260716279
8.83 5.1212163658
8.84 5.11980926362
8.85 5.11838585625
8.86 5.11694614369
8.87 5.11549012594
8.88 5.114017803
8.89 5.11252917486
8.9 5.11102424154
8.91 5.10950300303
8.92 5.10796545932
8.93 5.10641161043
8.94 5.10484145634
8.95 5.10325499707
8.96 5.1016522326
8.97 5.10003316295
8.98 5.0983977881
8.99 5.09674610806
9.0 5.09507812283
9.01 5.09339383241
9.02 5.0916932368
9.03 5.089976336
9.04 5.08824313001
9.05 5.08649361883
9.06 5.08472780246
9.07 5.0829456809
9.08 5.08114725415
9.09 5.0793325222
9.1 5.07750148507
9.11 5.07565414275
9.12 5.07379049523
9.13 5.07191054253
9.14 5.07001428463
9.15 5.06810172155
9.16 5.06617285327
9.17 5.0642276798
9.18 5.06226620114
9.19 5.0602884173
9.2 5.05829432826
9.21 5.05628393403
9.22 5.05425723461
9.23 5.05221423
9.24 5.0501549202
9.25 5.0480793052
9.26 5.04598738502
9.27 5.04387915965
9.28 5.04175462909
9.29 5.03961379333
9.3 5.03745665239
9.31 5.03528320625
9.32 5.03309345493
9.33 5.03088739841
9.34 5.02866503671
9.35 5.02642636981
9.36 5.02417139772
9.37 5.02190012045
9.38 5.01961253798
9.39 5.01730865032
9.4 5.01498845747
9.41 5.01265195943
9.42 5.0102991562
9.43 5.00793004778
9.44 5.00554463417
9.45 5.00314291536
9.46 5.00072489137
9.47 4.99829056219
9.48 4.99583992782
9.49 4.99337298825
9.5 4.9908897435
9.51 4.98839019355
9.52 4.98587433842
9.53 4.98334217809
9.54 4.98079371257
9.55 4.97822894186
9.56 4.97564786597
9.57 4.97305048488
9.58 4.9704367986
9.59 4.96780680713
9.6 4.96516051047
9.61 4.96249790862
9.62 4.95981900158
9.63 4.95712378935
9.64 4.95441227193
9.65 4.95168444931
9.66 4.94894032151
9.67 4.94617988852
9.68 4.94340315033
9.69 4.94061010696
9.7 4.93780075839
9.71 4.93497510464
9.72 4.93213314569
9.73 4.92927488155
9.74 4.92640031223
9.75 4.92350943771
9.76 4.920602258
9.77 4.9176787731
9.78 4.91473898301
9.79 4.91178288773
9.8 4.90881048726
9.81 4.9058217816
9.82 4.90281677075
9.83 4.89979545471
9.84 4.89675783347
9.85 4.89370390705
9.86 4.89063367544
9.87 4.88754713863
9.88 4.88444429664
9.89 4.88132514945
9.9 4.87818969708
9.91 4.87503793951
9.92 4.87186987675
9.93 4.86868550881
9.94 4.86548483567
9.95 4.86226785734
9.96 4.85903457382
9.97 4.85578498511
9.98 4.85251909121
9.99 4.84923689212
10.0 4.84593838784
10.01 4.84262357837
10.02 4.83929246371
10.03 4.83594504385
10.04 4.83258131881
10.05 4.82920128858
10.06 4.82580495315
10.07 4.82239231254
10.08 4.81896336673
10.09 4.81551811574
10.1 4.81205655955
10.11 4.80857869817
10.12 4.8050845316
10.13 4.80157405985
10.14 4.7980472829
10.15 4.79450420076
10.16 4.79094481343
10.17 4.78736912091
10.18 4.7837771232
10.19 4.7801688203
10.2 4.77654421221
10.21 4.77290329892
10.22 4.76924608045
10.23 4.76557255679
10.24 4.76188272793
10.25 4.75817659389
10.26 4.75445415466
10.27 4.75071541023
10.28 4.74696036061
10.29 4.74318900581
10.3 4.73940134581
10.31 4.73559738062
10.32 4.73177711025
10.33 4.72794053468
10.34 4.72408765392
10.35 4.72021846797
10.36 4.71633297683
10.37 4.7124311805
10.38 4.70851307898
10.39 4.70457867226
10.4 4.70062796036
10.41 4.69666094327
10.42 4.69267762099
10.43 4.68867799351
10.44 4.68466206085
10.45 4.68062982299
10.46 4.67658127995
10.47 4.67251643171
10.48 4.66843527829
10.49 4.66433781967
10.5 4.66022405586
10.51 4.65609398686
10.52 4.65194761267
10.53 4.6477849333
10.54 4.64360594873
10.55 4.63941065897
10.56 4.63519906401
10.57 4.63097116387
10.58 4.62672695854
10.59 4.62246644802
10.6 4.61818963231
10.61 4.6138965114
10.62 4.60958708531
10.63 4.60526135403
10.64 4.60091931755
10.65 4.59656097588
10.66 4.59218632903
10.67 4.58779537698
10.68 4.58338811975
10.69 4.57896455732
10.7 4.5745246897
10.71 4.57006851689
10.72 4.56559603889
10.73 4.5611072557
10.74 4.55660216732
10.75 4.55208077375
10.76 4.54754307499
10.77 4.54298907104
10.78 4.5384187619
10.79 4.53383214756
10.8 4.52922922804
10.81 4.52461000333
10.82 4.51997447342
10.83 4.51532263833
10.84 4.51065449804
10.85 4.50597005257
10.86 4.5012693019
10.87 4.49655224604
10.88 4.49181888499
10.89 4.48706921876
10.9 4.48230324733
10.91 4.47752097071
10.92 4.4727223889
10.93 4.4679075019
10.94 4.46307630971
10.95 4.45822881233
10.96 4.45336500975
10.97 4.44848490199
10.98 4.44358848904
10.99 4.4386757709
11.0 4.43374674756
11.01 4.42880141904
11.02 4.42383978532
11.03 4.41886184642
11.04 4.41386760232
11.05 4.40885705303
11.06 4.40383019856
11.07 4.39878703889
11.08 4.39372757403
11.09 4.38865180398
11.1 4.38355972874
11.11 4.37845134831
11.12 4.37332666269
11.13 4.36818567188
11.14 4.36302837588
11.15 4.35785477469
11.16 4.35266486831
11.17 4.34745865673
11.18 4.34223613997
11.19 4.33699731802
11.2 4.33174219087
11.21 4.32647075854
11.22 4.32118302101
11.23 4.3158789783
11.24 4.31055863039
11.25 4.30522197729
11.26 4.299869019
11.27 4.29449975553
11.28 4.28911418686
11.29 4.283712313
11.3 4.27829413395
11.31 4.27285964971
11.32 4.26740886028
11.33 4.26194176566
11.34 4.25645836584
11.35 4.25095866084
11.36 4.24544265065
11.37 4.23991033527
11.38 4.23436171469
11.39 4.22879678893
11.4 4.22321555797
11.41 4.21761802183
11.42 4.21200418049
11.43 4.20637403396
11.44 4.20072758225
11.45 4.19506482534
11.46 4.18938576324
11.47 4.18369039595
11.48 4.17797872347
11.49 4.1722507458
11.5 4.16650646294
11.51 4.16074587489
11.52 4.15496898165
11.53 4.14917578322
11.54 4.1433662796
11.55 4.13754047078
11.56 4.13169835678
11.57 4.12583993758
11.58 4.1199652132
11.59 4.11407418363
11.6 4.10816684886
11.61 4.1022432089
11.62 4.09630326376
11.63 4.09034701342
11.64 4.08437445789
11.65 4.07838559717
11.66 4.07238043126
11.67 4.06635896017
11.68 4.06032118388
11.69 4.05426710239
11.7 4.04819671572
11.71 4.04211002386
11.72 4.03600702681
11.73 4.02988772457
11.74 4.02375211714
11.75 4.01760020451
11.76 4.0114319867
11.77 4.00524746369
11.78 3.9990466355
11.79 3.99282950211
11.8 3.98659606354
11.81 3.98034631977
11.82 3.97408027081
11.83 3.96779791666
11.84 3.96149925733
11.85 3.9551842928
11.86 3.94885302308
11.87 3.94250544817
11.88 3.93614156807
11.89 3.92976138278
11.9 3.92336489229
11.91 3.91695209662
11.92 3.91052299576
11.93 3.90407758971
11.94 3.89761587846
11.95 3.89113786203
11.96 3.8846435404
11.97 3.87813291359
11.98 3.87160598158
11.99 3.86506274439
12.0 3.858503202
12.01 3.85192735442
12.02 3.84533520166
12.03 3.8387267437
12.04 3.83210198055
12.05 3.82546091221
12.06 3.81880353868
12.07 3.81212985996
12.08 3.80543987605
12.09 3.79873358695
12.1 3.79201099265
12.11 3.78527209317
12.12 3.7785168885
12.13 3.77174537863
12.14 3.76495756358
12.15 3.75815344334
12.16 3.7513330179
12.17 3.74449628728
12.18 3.73764325146
12.19 3.73077391045
12.2 3.72388826425
12.21 3.71698631287
12.22 3.71006805629
12.23 3.70313349452
12.24 3.69618262756
12.25 3.68921545541
12.26 3.68223197807
12.27 3.67523219554
12.28 3.66821610782
12.29 3.6611837149
12.3 3.6541350168
12.31 3.64707001351
12.32 3.63998870503
12.33 3.63289109135
12.34 3.62577717249
12.35 3.61864694843
12.36 3.61150041919
12.37 3.60433758475
12.38 3.59715844512
12.39 3.5899630003
12.4 3.5827512503
12.41 3.5755231951
12.42 3.56827883471
12.43 3.56101816913
12.44 3.55374119836
12.45 3.5464479224
12.46 3.53913834125
12.47 3.53181245491
12.48 3.52447026337
12.49 3.51711176665
12.5 3.50973696474
12.51 3.50234585764
12.52 3.49493844534
12.53 3.48751472786
12.54 3.48007470518
12.55 3.47261837732
12.56 3.46514574426
12.57 3.45765680601
12.58 3.45015156257
12.59 3.44263001395
12.6 3.43509216013
12.61 3.42753800112
12.62 3.41996753692
12.63 3.41238076753
12.64 3.40477769295
12.65 3.39715831318
12.66 3.38952262822
12.67 3.38187063806
12.68 3.37420234272
12.69 3.36651774219
12.7 3.35881683646
12.71 3.35109962555
12.72 3.34336610945
12.73 3.33561628815
12.74 3.32785016166
12.75 3.32006772999
12.76 3.31226899312
12.77 3.30445395106
12.78 3.29662260382
12.79 3.28877495138
12.8 3.28091099375
12.81 3.27303073093
12.82 3.26513416292
12.83 3.25722128972
12.84 3.24929211133
12.85 3.24134662774
12.86 3.23338483897
12.87 3.22540674501
12.88 3.21741234586
12.89 3.20940164151
12.9 3.20137463198
12.91 3.19333131725
12.92 3.18527169734
12.93 3.17719577223
12.94 3.16910354194
12.95 3.16099500645
12.96 3.15287016577
12.97 3.1447290199
12.98 3.13657156884
12.99 3.1283978126
13.0 3.12020775116
13.01 3.11200138453
13.02 3.10377871271
13.03 3.09553973569
13.04 3.08728445349
13.05 3.0790128661
13.06 3.07072497352
13.07 3.06242077574
13.08 3.05410027278
13.09 3.04576346463
13.1 3.03741035128
13.11 3.02904093275
13.12 3.02065520902
13.13 3.0122531801
13.14 3.003834846
13.15 2.9954002067
13.16 2.98694926221
13.17 2.97848201253
13.18 2.96999845766
13.19 2.9614985976
13.2 2.95298243235
13.21 2.94444996191
13.22 2.93590118628
13.23 2.92733610546
13.24 2.91875471945
13.25 2.91015702824
13.26 2.90154303185
13.27 2.89291273027
13.28 2.88426612349
13.29 2.87560321153
13.3 2.86692399437
13.31 2.85822847203
13.32 2.84951664449
13.33 2.84078851176
13.34 2.83204407385
13.35 2.82328333074
13.36 2.81450628244
13.37 2.80571292895
13.38 2.79690327027
13.39 2.7880773064
13.4 2.77923503734
13.41 2.77037646309
13.42 2.76150158365
13.43 2.75261039901
13.44 2.74370290919
13.45 2.73477911418
13.46 2.72583901397
13.47 2.71688260858
13.48 2.70790989799
13.49 2.69892088222
13.5 2.68991556125
13.51 2.6808939351
13.52 2.67185600375
13.53 2.66280176721
13.54 2.65373122548
13.55 2.64464437856
13.56 2.63554122646
13.57 2.62642176916
13.58 2.61728600667
13.59 2.60813393898
13.6 2.59896556611
13.61 2.58978088805
13.62 2.5805799048
13.63 2.57136261636
13.64 2.56212902272
13.65 2.5528791239
13.66 2.54361291988
13.67 2.53433041068
13.68 2.52503159628
13.69 2.5157164767
13.7 2.50638505192
13.71 2.49703732195
13.72 2.4876732868
13.73 2.47829294645
13.74 2.46889630091
13.75 2.45948335018
13.76 2.45005409426
13.77 2.44060853315
13.78 2.43114666685
13.79 2.42166849536
13.8 2.41217401868
13.81 2.4026632368
13.82 2.39313614974
13.83 2.38359275749
13.84 2.37403306004
13.85 2.36445705741
13.86 2.35486474958
13.87 2.34525613657
13.88 2.33563121836
13.89 2.32598999497
13.9 2.31633246638
13.91 2.3066586326
13.92 2.29696849363
13.93 2.28726204947
13.94 2.27753930012
13.95 2.26780024558
13.96 2.25804488585
13.97 2.24827322093
13.98 2.23848525082
13.99 2.22868097552
14.0 2.21886039503
14.01 2.20902350934
14.02 2.19917031847
14.03 2.18930082241
14.04 2.17941502115
14.05 2.16951291471
14.06 2.15959450307
14.07 2.14965978625
14.08 2.13970876423
14.09 2.12974143702
14.1 2.11975780462
14.11 2.10975786704
14.12 2.09974162426
14.13 2.08970907629
14.14 2.07966022313
14.15 2.06959506478
14.16 2.05951360124
14.17 2.04941583251
14.18 2.03930175858
14.19 2.02917137947
14.2 2.01902469517
14.21 2.00886170567
14.22 1.99868241099
14.23 1.98848681112
14.24 1.97827490605
14.25 1.96804669579
14.26 1.95780218035
14.27 1.94754135971
14.28 1.93726423388
14.29 1.92697080287
14.3 1.91666106666
14.31 1.90633502526
14.32 1.89599267867
14.33 1.88563402689
14.34 1.87525906992
14.35 1.86486780776
14.36 1.85446024041
14.37 1.84403636787
14.38 1.83359619013
14.39 1.82313970721
14.4 1.8126669191
14.41 1.80217782579
14.42 1.7916724273
14.43 1.78115072361
14.44 1.77061271474
14.45 1.76005840067
14.46 1.74948778141
14.47 1.73890085697
14.48 1.72829762733
14.49 1.7176780925
14.5 1.70704225248
14.51 1.69639010727
14.52 1.68572165687
14.53 1.67503690128
14.54 1.6643358405
14.55 1.65361847453
14.56 1.64288480337
14.57 1.63213482701
14.58 1.62136854547
14.59 1.61058595874
14.6 1.59978706681
14.61 1.5889718697
14.62 1.57814036739
14.63 1.5672925599
14.64 1.55642844721
14.65 1.54554802934
14.66 1.53465130627
14.67 1.52373827801
14.68 1.51280894456
14.69 1.50186330592
14.7 1.49090136209
14.71 1.47992311307
14.72 1.46892855886
14.73 1.45791769946
14.74 1.44689053487
14.75 1.43584706509
14.76 1.42478729012
14.77 1.41371120995
14.78 1.4026188246
14.79 1.39151013405
14.8 1.38038513832
14.81 1.36924383739
14.82 1.35808623128
14.83 1.34691231997
14.84 1.33572210348
14.85 1.32451558179
14.86 1.31329275491
14.87 1.30205362284
14.88 1.29079818558
14.89 1.27952644313
14.9 1.26823839549
14.91 1.25693404266
14.92 1.24561338464
14.93 1.23427642143
14.94 1.22292315303
14.95 1.21155357944
14.96 1.20016770065
14.97 1.18876551668
14.98 1.17734702751
14.99 1.16591223316
15.0 1.15446113361
15.01 1.14299372888
15.02 1.13151001895
15.03 1.12001000384
15.04 1.10849368353
15.05 1.09696105803
15.06 1.08541212734
15.07 1.07384689146
15.08 1.06226535039
15.09 1.05066750413
15.1 1.03905335268
15.11 1.02742289604
15.12 1.01577613421
15.13 1.00411306719
15.14 0.992433694976
15.15 0.980738017572
15.16 0.969026034979
15.17 0.957297747194
15.18 0.94555315422
15.19 0.933792256054
15.2 0.922015052698
15.21 0.910221544152
15.22 0.898411730415
15.23 0.886585611488
15.24 0.87474318737
15.25 0.862884458061
15.26 0.851009423562
15.27 0.839118083873
15.28 0.827210438993
15.29 0.815286488922
15.3 0.803346233661
15.31 0.791389673209
15.32 0.779416807567
15.33 0.767427636734
15.34 0.755422160711
15.35 0.743400379497
15.36 0.731362293093
15.37 0.719307901498
15.38 0.707237204713
15.39 0.695150202737
15.4 0.68304689557
15.41 0.670927283214
15.42 0.658791365666
15.43 0.646639142928
15.44 0.634470615
15.45 0.62228578188
15.46 0.610084643571
15.47 0.597867200071
15.48 0.58563345138
15.49 0.573383397499
15.5 0.561117038427
15.51 0.548834374165
15.52 0.536535404712
15.53 0.524220130069
15.54 0.511888550235
15.55 0.499540665211
15.56 0.487176474996
15.57 0.474795979591
15.58 0.462399178995
15.59 0.449986073208
15.6 0.437556662231
15.61 0.425110946064
15.62 0.412648924706
15.63 0.400170598157
15.64 0.387675966418
15.65 0.375165029488
15.66 0.362637787368
15.67 0.350094240058
15.68 0.337534387556
15.69 0.324958229865
15.7 0.312365766982
15.71 0.29975699891
15.72 0.287131925646
15.73 0.274490547192
15.74 0.261832863548
15.75 0.249158874713
15.76 0.236468580688
15.77 0.223761981472
15.78 0.211039077065
15.79 0.198299867468
15.8 0.185544352681
15.81 0.172772532702
15.82 0.159984407534
15.83 0.147179977175
15.84 0.134359241625
15.85 0.121522200885
15.86 0.108668854954
15.87 0.0957992038329
15.88 0.0829132475211
15.89 0.0700109860188
15.9 0.057092419326
15.91 0.0441575474426
15.92 0.0312063703688
15.93 0.0182388881043
15.94 0.00525510064939
15.95 -0.00774499199609
