0.001 0.0075 0.0129903810568
0.002 0.015 0.0259709521135
0.003 0.02251125 0.0389352228848
0.004 0.030033744375 0.0518832015206
0.005 0.0375674775028 0.0648148961672
0.006 0.0451124437641 0.0777303149664
0.007 0.0526686375422 0.0906294660562
0.008 0.0602360532234 0.10351235757
0.009 0.0678146851968 0.116378997639
0.01 0.0754045278542 0.129229394387
0.011 0.0830055755903 0.142063555938
0.012 0.0906178228025 0.154881490407
0.013 0.0982412638911 0.167683205909
0.014 0.105875893259 0.180468710553
0.015 0.113521705312 0.193238012445
0.016 0.12117869446 0.205991119686
0.017 0.128846855113 0.218728040374
0.018 0.136526181685 0.231448782601
0.019 0.144216668594 0.244153354457
0.02 0.15191831026 0.256841764027
0.021 0.159631101105 0.269514019392
0.022 0.167355035554 0.28217012863
0.023 0.175090108036 0.294810099813
0.024 0.182836312982 0.30743394101
0.025 0.190593644826 0.320041660287
0.026 0.198362098004 0.332633265704
0.027 0.206141666955 0.345208765319
0.028 0.213932346121 0.357768167183
0.029 0.221734129948 0.370311479347
0.03 0.229547012883 0.382838709855
0.031 0.237370989377 0.395349866747
0.032 0.245206053882 0.407844958061
0.033 0.253052200855 0.420323991829
0.034 0.260909424755 0.432786976081
0.035 0.268777720042 0.44523391884
0.036 0.276657081182 0.457664828128
0.037 0.284547502642 0.470079711961
0.038 0.29244897889 0.482478578352
0.039 0.300361504401 0.49486143531
0.04 0.308285073649 0.50722829084
0.041 0.316219681112 0.519579152942
0.042 0.324165321271 0.531914029613
0.043 0.332121988611 0.544232928845
0.044 0.340089677616 0.556535858628
0.045 0.348068382777 0.568822826946
0.046 0.356058098586 0.58109384178
0.047 0.364058819537 0.593348911106
0.048 0.372070540127 0.605588042898
0.049 0.380093254857 0.617811245124
0.05 0.388126958229 0.630018525749
0.051 0.39617164475 0.642209892733
0.052 0.404227308928 0.654385354034
0.053 0.412293945274 0.666544917604
0.054 0.420371548301 0.678688591393
0.055 0.428460112527 0.690816383344
0.056 0.43655963247 0.7029283014
0.057 0.444670102654 0.715024353496
0.058 0.452791517603 0.727104547567
0.059 0.460923871844 0.739168891541
0.06 0.469067159908 0.751217393342
0.061 0.477221376328 0.763250060893
0.062 0.48538651564 0.77526690211
0.063 0.493562572382 0.787267924906
0.064 0.501749541096 0.799253137191
0.065 0.509947416326 0.811222546869
0.066 0.518156192617 0.823176161843
0.067 0.526375864521 0.83511399001
0.068 0.534606426589 0.847036039262
0.069 0.542847873376 0.85894231749
0.07 0.551100199439 0.870832832578
0.071 0.559363399339 0.882707592409
0.072 0.567637467639 0.89456660486
0.073 0.575922398906 0.906409877805
0.074 0.584218187706 0.918237419113
0.075 0.592524828612 0.930049236651
0.076 0.600842316198 0.94184533828
0.077 0.60917064504 0.953625731858
0.078 0.617509809717 0.96539042524
0.079 0.625859804813 0.977139426274
0.08 0.63422062491 0.988872742808
0.081 0.642592264598 1.00059038268
0.082 0.650974718465 1.01229235374
0.083 0.659367981106 1.02397866381
0.084 0.667772047116 1.03564932073
0.085 0.676186911092 1.04730433231
0.086 0.684612567636 1.05894370639
0.087 0.693049011353 1.07056745079
0.088 0.701496236847 1.08217557331
0.089 0.709954238729 1.09376808177
0.09 0.718423011609 1.10534498398
0.091 0.726902550103 1.11690628773
0.092 0.735392848828 1.12845200084
0.093 0.743893902404 1.13998213108
0.094 0.752405705453 1.15149668626
0.095 0.7609282526 1.16299567417
0.096 0.769461538474 1.17447910258
0.097 0.778005557704 1.18594697928
0.098 0.786560304926 1.19739931203
0.099 0.795125774773 1.20883610862
0.1 0.803701961886 1.22025737682
0.101 0.812288860905 1.23166312438
0.102 0.820886466474 1.24305335906
0.103 0.829494773241 1.25442808863
0.104 0.838113775854 1.26578732083
0.105 0.846743468967 1.27713106342
0.106 0.855383847232 1.28845932413
0.107 0.864034905308 1.29977211072
0.108 0.872696637856 1.31106943091
0.109 0.881369039537 1.32235129244
0.11 0.890052105017 1.33361770304
0.111 0.898745828965 1.34486867044
0.112 0.90745020605 1.35610420235
0.113 0.916165230947 1.3673243065
0.114 0.924890898332 1.37852899059
0.115 0.933627202882 1.38971826234
0.116 0.942374139281 1.40089212946
0.117 0.951131702211 1.41205059964
0.118 0.95989988636 1.42319368059
0.119 0.968678686417 1.43432138
0.12 0.977468097074 1.44543370555
0.121 0.986268113025 1.45653066495
0.122 0.995078728969 1.46761226586
0.123 1.0038999396 1.47867851598
0.124 1.01273173963 1.48972942297
0.125 1.02157412376 1.5007649945
0.126 1.0304270867 1.51178523825
0.127 1.03929062316 1.52279016188
0.128 1.04816472785 1.53377977305
0.129 1.05704939548 1.54475407941
0.13 1.06594462079 1.55571308862
0.131 1.07485039848 1.56665680832
0.132 1.08376672328 1.57758524616
0.133 1.09269358991 1.58849840979
0.134 1.10163099312 1.59939630683
0.135 1.11057892762 1.61027894492
0.136 1.11953738816 1.6211463317
0.137 1.12850636947 1.63199847478
0.138 1.13748586628 1.64283538179
0.139 1.14647587335 1.65365706035
0.14 1.15547638541 1.66446351806
0.141 1.16448739722 1.67525476255
0.142 1.17350890352 1.68603080142
0.143 1.18254089907 1.69679164226
0.144 1.19158337862 1.70753729269
0.145 1.20063633693 1.71826776029
0.146 1.20969976876 1.72898305266
0.147 1.21877366888 1.73968317738
0.148 1.22785803204 1.75036814204
0.149 1.23695285303 1.76103795421
0.15 1.2460581266 1.77169262148
0.151 1.25517384754 1.78233215142
0.152 1.26430001061 1.79295655159
0.153 1.27343661061 1.80356582956
0.154 1.2825836423 1.8141599929
0.155 1.29174110048 1.82473904915
0.156 1.30090897993 1.83530300587
0.157 1.31008727544 1.84585187061
0.158 1.3192759818 1.85638565093
0.159 1.32847509381 1.86690435435
0.16 1.33768460626 1.87740798842
0.161 1.34690451396 1.88789656067
0.162 1.3561348117 1.89837007864
0.163 1.3653754943 1.90882854985
0.164 1.37462655655 1.91927198182
0.165 1.38388799327 1.92970038207
0.166 1.39315979928 1.94011375813
0.167 1.40244196938 1.9505121175
0.168 1.41173449839 1.96089546769
0.169 1.42103738114 1.9712638162
0.17 1.43035061245 1.98161717054
0.171 1.43967418715 1.9919555382
0.172 1.44900810005 2.00227892668
0.173 1.458352346 2.01258734346
0.174 1.46770691983 2.02288079604
0.175 1.47707181637 2.03315929189
0.176 1.48644703046 2.04342283849
0.177 1.49583255695 2.05367144332
0.178 1.50522839067 2.06390511384
0.179 1.51463452647 2.07412385753
0.18 1.52405095921 2.08432768185
0.181 1.53347768373 2.09451659426
0.182 1.54291469489 2.10469060221
0.183 1.55236198754 2.11484971316
0.184 1.56181955655 2.12499393455
0.185 1.57128739677 2.13512327383
0.186 1.58076550307 2.14523773844
0.187 1.59025387032 2.15533733582
0.188 1.59975249338 2.16542207339
0.189 1.60926136714 2.17549195861
0.19 1.61878048645 2.18554699887
0.191 1.62830984621 2.19558720162
0.192 1.63784944129 2.20561257427
0.193 1.64739926657 2.21562312423
0.194 1.65695931693 2.22561885891
0.195 1.66652958727 2.23559978573
0.196 1.67611007248 2.24556591209
0.197 1.68570076744 2.25551724538
0.198 1.69530166706 2.265453793
0.199 1.70491276623 2.27537556235
0.2 1.71453405984 2.28528256082
0.201 1.72416554281 2.29517479578
0.202 1.73380721004 2.30505227463
0.203 1.74345905644 2.31491500474
0.204 1.75312107691 2.32476299349
0.205 1.76279326637 2.33459624824
0.206 1.77247561974 2.34441477636
0.207 1.78216813193 2.35421858522
0.208 1.79187079786 2.36400768218
0.209 1.80158361246 2.37378207458
0.21 1.81130657066 2.38354176979
0.211 1.82103966737 2.39328677516
0.212 1.83078289754 2.40301709801
0.213 1.84053625609 2.41273274571
0.214 1.85029973796 2.42243372559
0.215 1.86007333809 2.43212004497
0.216 1.86985705142 2.4417917112
0.217 1.8796508729 2.45144873159
0.218 1.88945479746 2.46109111347
0.219 1.89926882006 2.47071886416
0.22 1.90909293565 2.48033199098
0.221 1.91892713918 2.48993050123
0.222 1.92877142561 2.49951440222
0.223 1.9386257899 2.50908370127
0.224 1.94849022701 2.51863840567
0.225 1.95836473189 2.52817852271
0.226 1.96824929953 2.5377040597
0.227 1.97814392488 2.54721502392
0.228 1.98804860292 2.55671142265
0.229 1.99796332861 2.56619326319
0.23 2.00788809695 2.5756605528
0.231 2.0178229029 2.58511329877
0.232 2.02776774145 2.59455150837
0.233 2.03772260758 2.60397518886
0.234 2.04768749628 2.61338434752
0.235 2.05766240253 2.62277899159
0.236 2.06764732133 2.63215912834
0.237 2.07764224767 2.64152476503
0.238 2.08764717654 2.65087590889
0.239 2.09766210295 2.66021256718
0.24 2.1076870219 2.66953474715
0.241 2.11772192839 2.67884245602
0.242 2.12776681743 2.68813570104
0.243 2.13782168402 2.69741448944
0.244 2.14788652318 2.70667882844
0.245 2.15796132991 2.71592872527
0.246 2.16804609925 2.72516418716
0.247 2.1781408262 2.73438522131
0.248 2.18824550579 2.74359183495
0.249 2.19836013303 2.75278403528
0.25 2.20848470297 2.76196182951
0.251 2.21861921062 2.77112522484
0.252 2.22876365101 2.78027422847
0.253 2.23891801918 2.78940884761
0.254 2.24908231018 2.79852908943
0.255 2.25925651902 2.80763496113
0.256 2.26944064076 2.8167264699
0.257 2.27963467044 2.82580362291
0.258 2.2898386031 2.83486642735
0.259 2.3000524338 2.84391489038
0.26 2.31027615759 2.85294901918
0.261 2.32050976951 2.86196882092
0.262 2.33075326462 2.87097430276
0.263 2.34100663799 2.87996547185
0.264 2.35126988467 2.88894233537
0.265 2.36154299973 2.89790490045
0.266 2.37182597823 2.90685317424
0.267 2.38211881524 2.9157871639
0.268 2.39242150583 2.92470687657
0.269 2.40273404508 2.93361231938
0.27 2.41305642806 2.94250349946
0.271 2.42338864984 2.95138042396
0.272 2.43373070552 2.9602431
0.273 2.44408259017 2.96909153469
0.274 2.45444429887 2.97792573517
0.275 2.46481582672 2.98674570855
0.276 2.47519716881 2.99555146195
0.277 2.48558832022 3.00434300246
0.278 2.49598927606 3.01312033721
0.279 2.50640003143 3.02188347329
0.28 2.51682058141 3.0306324178
0.281 2.52725092112 3.03936717784
0.282 2.53769104566 3.0480877605
0.283 2.54814095014 3.05679417286
0.284 2.55860062966 3.06548642202
0.285 2.56907007935 3.07416451506
0.286 2.57954929431 3.08282845905
0.287 2.59003826966 3.09147826107
0.288 2.60053700052 3.10011392818
0.289 2.61104548202 3.10873546747
0.29 2.62156370928 3.11734288598
0.291 2.63209167743 3.12593619079
0.292 2.64262938159 3.13451538894
0.293 2.6531768169 3.14308048749
0.294 2.66373397849 3.15163149349
0.295 2.6743008615 3.16016841399
0.296 2.68487746107 3.16869125603
0.297 2.69546377234 3.17720002665
0.298 2.70605979045 3.18569473289
0.299 2.71666551056 3.19417538177
0.3 2.7272809278 3.20264198032
0.301 2.73790603734 3.21109453558
0.302 2.74854083432 3.21953305456
0.303 2.7591853139 3.22795754428
0.304 2.76983947125 3.23636801176
0.305 2.78050330151 3.244764464
0.306 2.79117679986 3.25314690801
0.307 2.80185996146 3.26151535081
0.308 2.81255278148 3.26986979938
0.309 2.82325525509 3.27821026073
0.31 2.83396737746 3.28653674184
0.311 2.84468914377 3.29484924972
0.312 2.8554205492 3.30314779134
0.313 2.86616158893 3.31143237369
0.314 2.87691225813 3.31970300375
0.315 2.887672552 3.3279596885
0.316 2.89844246573 3.3362024349
0.317 2.90922199449 3.34443124993
0.318 2.9200111335 3.35264614055
0.319 2.93080987793 3.36084711373
0.32 2.94161822299 3.36903417642
0.321 2.95243616388 3.37720733558
0.322 2.9632636958 3.38536659816
0.323 2.97410081395 3.39351197111
0.324 2.98494751354 3.40164346137
0.325 2.99580378978 3.40976107589
0.326 3.00666963789 3.4178648216
0.327 3.01754505307 3.42595470543
0.328 3.02843003054 3.43403073433
0.329 3.03932456553 3.44209291521
0.33 3.05022865325 3.450141255
0.331 3.06114228892 3.45817576062
0.332 3.07206546778 3.46619643898
0.333 3.08299818504 3.47420329701
0.334 3.09394043595 3.48219634161
0.335 3.10489221573 3.49017557969
0.336 3.11585351962 3.49814101814
0.337 3.12682434286 3.50609266388
0.338 3.13780468069 3.5140305238
0.339 3.14879452835 3.52195460478
0.34 3.15979388109 3.52986491373
0.341 3.17080273415 3.53776145752
0.342 3.18182108278 3.54564424304
0.343 3.19284892224 3.55351327716
0.344 3.20388624778 3.56136856677
0.345 3.21493305465 3.56921011874
0.346 3.22598933813 3.57703793992
0.347 3.23705509346 3.5848520372
0.348 3.24813031591 3.59265241743
0.349 3.25921500075 3.60043908747
0.35 3.27030914325 3.60821205417
0.351 3.28141273868 3.61597132439
0.352 3.29252578231 3.62371690498
0.353 3.30364826942 3.63144880277
0.354 3.31478019529 3.63916702462
0.355 3.32592155519 3.64687157735
0.356 3.33707234441 3.65456246781
0.357 3.34823255824 3.66223970283
0.358 3.35940219196 3.66990328922
0.359 3.37058124086 3.67755323382
0.36 3.38176970024 3.68518954345
0.361 3.39296756539 3.69281222493
0.362 3.40417483161 3.70042128506
0.363 3.41539149419 3.70801673067
0.364 3.42661754845 3.71559856855
0.365 3.43785298967 3.72316680551
0.366 3.44909781318 3.73072144836
0.367 3.46035201427 3.73826250388
0.368 3.47161558826 3.74578997888
0.369 3.48288853047 3.75330388013
0.37 3.4941708362 3.76080421444
0.371 3.50546250079 3.76829098858
0.372 3.51676351954 3.77576420934
0.373 3.52807388778 3.78322388348
0.374 3.53939360083 3.79067001778
0.375 3.55072265403 3.79810261902
0.376 3.5620610427 3.80552169396
0.377 3.57340876218 3.81292724936
0.378 3.5847658078 3.82031929198
0.379 3.5961321749 3.82769782858
0.38 3.60750785881 3.83506286592
0.381 3.61889285488 3.84241441073
0.382 3.63028715845 3.84975246977
0.383 3.64169076487 3.85707704979
0.384 3.65310366949 3.86438815751
0.385 3.66452586766 3.87168579968
0.386 3.67595735472 3.87896998302
0.387 3.68739812605 3.88624071428
0.388 3.69884817698 3.89349800017
0.389 3.71030750289 3.90074184742
0.39 3.72177609914 3.90797226274
0.391 3.73325396109 3.91518925286
0.392 3.74474108411 3.92239282448
0.393 3.75623746357 3.92958298431
0.394 3.76774309484 3.93675973907
0.395 3.77925797329 3.94392309545
0.396 3.79078209431 3.95107306015
0.397 3.80231545326 3.95820963986
0.398 3.81385804553 3.96533284129
0.399 3.82540986651 3.97244267112
0.4 3.83697091158 3.97953913603
0.401 3.84854117612 3.98662224271
0.402 3.86012065553 3.99369199783
0.403 3.8717093452 4.00074840808
0.404 3.88330724053 4.00779148012
0.405 3.89491433691 4.01482122063
0.406 3.90653062974 4.02183763627
0.407 3.91815611443 4.0288407337
0.408 3.92979078637 4.03583051958
0.409 3.94143464098 4.04280700057
0.41 3.95308767366 4.04977018331
0.411 3.96474987982 4.05672007447
0.412 3.97642125488 4.06365668068
0.413 3.98810179425 4.07058000859
0.414 3.99979149336 4.07749006483
0.415 4.01149034761 4.08438685604
0.416 4.02319835244 4.09127038886
0.417 4.03491550326 4.09814066992
0.418 4.04664179551 4.10499770583
0.419 4.05837722461 4.11184150322
0.42 4.070121786 4.11867206872
0.421 4.0818754751 4.12548940893
0.422 4.09363828737 4.13229353047
0.423 4.10541021822 4.13908443996
0.424 4.11719126311 4.14586214398
0.425 4.12898141748 4.15262664916
0.426 4.14078067677 4.15937796208
0.427 4.15258903644 4.16611608935
0.428 4.16440649192 4.17284103755
0.429 4.17623303867 4.17955281328
0.43 4.18806867215 4.18625142312
0.431 4.19991338782 4.19293687366
0.432 4.21176718112 4.19960917147
0.433 4.22363004753 4.20626832313
0.434 4.23550198251 4.21291433521
0.435 4.24738298152 4.21954721429
0.436 4.25927304003 4.22616696693
0.437 4.27117215351 4.2327735997
0.438 4.28308031743 4.23936711914
0.439 4.29499752727 4.24594753183
0.44 4.30692377851 4.25251484431
0.441 4.31885906662 4.25906906314
0.442 4.33080338708 4.26561019485
0.443 4.34275673539 4.272138246
0.444 4.35471910702 4.27865322313
0.445 4.36669049747 4.28515513276
0.446 4.37867090222 4.29164398144
0.447 4.39066031677 4.2981197757
0.448 4.40265873661 4.30458252206
0.449 4.41466615724 4.31103222705
0.45 4.42668257416 4.31746889718
0.451 4.43870798288 4.32389253898
0.452 4.45074237889 4.33030315896
0.453 4.4627857577 4.33670076363
0.454 4.47483811482 4.34308535949
0.455 4.48689944576 4.34945695306
0.456 4.49896974604 4.35581555083
0.457 4.51104901116 4.3621611593
0.458 4.52313723666 4.36849378497
0.459 4.53523441804 4.37481343432
0.46 4.54734055083 4.38112011385
0.461 4.55945563056 4.38741383004
0.462 4.57157965274 4.39369458938
0.463 4.58371261291 4.39996239833
0.464 4.59585450661 4.40621726338
0.465 4.60800532935 4.41245919099
0.466 4.62016507669 4.41868818764
0.467 4.63233374415 4.4249042598
0.468 4.64451132728 4.43110741392
0.469 4.65669782162 4.43729765646
0.47 4.6688932227 4.44347499387
0.471 4.68109752609 4.44963943262
0.472 4.69331072733 4.45579097916
0.473 4.70553282197 4.46192963991
0.474 4.71776380556 4.46805542134
0.475 4.73000367365 4.47416832988
0.476 4.74225242182 4.48026837196
0.477 4.7545100456 4.48635555402
0.478 4.76677654058 4.49242988249
0.479 4.77905190231 4.4984913638
0.48 4.79133612636 4.50454000436
0.481 4.8036292083 4.51057581061
0.482 4.81593114369 4.51659878895
0.483 4.82824192812 4.5226089458
0.484 4.84056155716 4.52860628758
0.485 4.85289002638 4.53459082068
0.486 4.86522733137 4.54056255152
0.487 4.8775734677 4.54652148649
0.488 4.88992843097 4.55246763199
0.489 4.90229221675 4.55840099442
0.49 4.91466482064 4.56432158017
0.491 4.92704623823 4.57022939563
0.492 4.93943646511 4.57612444718
0.493 4.95183549688 4.58200674121
0.494 4.96424332913 4.58787628408
0.495 4.97665995747 4.59373308219
0.496 4.98908537749 4.59957714189
0.497 5.0015195848 4.60540846957
0.498 5.01396257501 4.61122707158
0.499 5.02641434372 4.61703295429
0.5 5.03887488655 4.62282612406
0.501 5.0513441991 4.62860658725
0.502 5.06382227701 4.6343743502
0.503 5.07630911587 4.64012941927
0.504 5.08880471131 4.64587180081
0.505 5.10130905895 4.65160150116
0.506 5.11382215442 4.65731852666
0.507 5.12634399335 4.66302288364
0.508 5.13887457135 4.66871457845
0.509 5.15141388406 4.6743936174
0.51 5.16396192712 4.68006000684
0.511 5.17651869616 4.68571375309
0.512 5.18908418681 4.69135486246
0.513 5.20165839472 4.69698334127
0.514 5.21424131552 4.70259919585
0.515 5.22683294486 4.7082024325
0.516 5.23943327839 4.71379305753
0.517 5.25204231175 4.71937107725
0.518 5.26466004059 4.72493649796
0.519 5.27728646057 4.73048932596
0.52 5.28992156734 4.73602956754
0.521 5.30256535656 4.741557229
0.522 5.31521782388 4.74707231664
0.523 5.32787896497 4.75257483673
0.524 5.34054877549 4.75806479555
0.525 5.3532272511 4.7635421994
0.526 5.36591438747 4.76900705455
0.527 5.37861018028 4.77445936727
0.528 5.39131462519 4.77989914383
0.529 5.40402771788 4.78532639051
0.53 5.41674945402 4.79074111356
0.531 5.42947982929 4.79614331925
0.532 5.44221883938 4.80153301384
0.533 5.45496647996 4.80691020358
0.534 5.46772274672 4.81227489473
0.535 5.48048763534 4.81762709353
0.536 5.49326114153 4.82296680623
0.537 5.50604326096 4.82829403907
0.538 5.51883398933 4.8336087983
0.539 5.53163332233 4.83891109015
0.54 5.54444125567 4.84420092085
0.541 5.55725778504 4.84947829664
0.542 5.57008290615 4.85474322373
0.543 5.5829166147 4.85999570837
0.544 5.59575890639 4.86523575676
0.545 5.60860977694 4.87046337513
0.546 5.62146922205 4.87567856969
0.547 5.63433723744 4.88088134665
0.548 5.64721381882 4.88607171223
0.549 5.66009896191 4.89124967262
0.55 5.67299266243 4.89641523403
0.551 5.6858949161 4.90156840266
0.552 5.69880571864 4.90670918471
0.553 5.71172506578 4.91183758636
0.554 5.72465295325 4.91695361382
0.555 5.73758937677 4.92205727326
0.556 5.75053433208 4.92714857087
0.557 5.76348781491 4.93222751283
0.558 5.77644982101 4.93729410532
0.559 5.7894203461 4.94234835451
0.56 5.80239938592 4.94739026658
0.561 5.81538693623 4.9524198477
0.562 5.82838299276 4.95743710402
0.563 5.84138755127 4.96244204172
0.564 5.85440060749 4.96743466694
0.565 5.86742215719 4.97241498586
0.566 5.88045219611 4.97738300461
0.567 5.89349072001 4.98233872936
0.568 5.90653772465 4.98728216624
0.569 5.91959320579 4.9922133214
0.57 5.93265715918 4.99713220099
0.571 5.9457295806 5.00203881114
0.572 5.95881046581 5.00693315798
0.573 5.97189981058 5.01181524765
0.574 5.98499761068 5.01668508627
0.575 5.99810386187 5.02154267997
0.576 6.01121855994 5.02638803488
0.577 6.02434170066 5.03122115711
0.578 6.03747327981 5.03604205278
0.579 6.05061329317 5.040850728
0.58 6.06376173652 5.04564718888
0.581 6.07691860566 5.05043144154
0.582 6.09008389635 5.05520349206
0.583 6.1032576044 5.05996334657
0.584 6.1164397256 5.06471101114
0.585 6.12963025574 5.06944649188
0.586 6.14282919061 5.07416979488
0.587 6.15603652602 5.07888092623
0.588 6.16925225775 5.08357989202
0.589 6.18247638162 5.08826669832
0.59 6.19570889343 5.09294135122
0.591 6.20894978899 5.09760385679
0.592 6.22219906409 5.10225422111
0.593 6.23545671456 5.10689245024
0.594 6.2487227362 5.11151855027
0.595 6.26199712483 5.11613252724
0.596 6.27527987627 5.12073438722
0.597 6.28857098633 5.12532413628
0.598 6.30187045084 5.12990178045
0.599 6.31517826562 5.13446732581
0.6 6.32849442648 5.1390207784
0.601 6.34181892927 5.14356214425
0.602 6.3551517698 5.14809142943
0.603 6.36849294392 5.15260863996
0.604 6.38184244745 5.15711378189
0.605 6.39520027622 5.16160686125
0.606 6.40856642609 5.16608788406
0.607 6.42194089287 5.17055685637
0.608 6.43532367243 5.17501378419
0.609 6.44871476059 5.17945867354
0.61 6.46211415321 5.18389153045
0.611 6.47552184613 5.18831236093
0.612 6.48893783521 5.192721171
0.613 6.50236211629 5.19711796666
0.614 6.51579468523 5.20150275393
0.615 6.52923553789 5.2058755388
0.616 6.54268467012 5.21023632727
0.617 6.55614207779 5.21458512536
0.618 6.56960775675 5.21892193904
0.619 6.58308170287 5.22324677432
0.62 6.59656391202 5.22755963718
0.621 6.61005438006 5.23186053361
0.622 6.62355310287 5.23614946959
0.623 6.63706007632 5.2404264511
0.624 6.65057529628 5.24469148412
0.625 6.66409875864 5.24894457463
0.626 6.67763045926 5.25318572859
0.627 6.69117039403 5.25741495197
0.628 6.70471855883 5.26163225074
0.629 6.71827494955 5.26583763087
0.63 6.73183956208 5.2700310983
0.631 6.74541239229 5.274212659
0.632 6.7589934361 5.27838231891
0.633 6.77258268938 5.282540084
0.634 6.78618014804 5.28668596021
0.635 6.79978580796 5.29081995347
0.636 6.81339966506 5.29494206974
0.637 6.82702171522 5.29905231496
0.638 6.84065195437 5.30315069505
0.639 6.85429037839 5.30723721595
0.64 6.8679369832 5.31131188359
0.641 6.88159176471 5.31537470389
0.642 6.89525471883 5.31942568279
0.643 6.90892584147 5.32346482619
0.644 6.92260512855 5.32749214003
0.645 6.93629257598 5.3315076302
0.646 6.94998817969 5.33551130264
0.647 6.9636919356 5.33950316323
0.648 6.97740383964 5.3434832179
0.649 6.99112388772 5.34745147254
0.65 7.00485207577 5.35140793305
0.651 7.01858839974 5.35535260533
0.652 7.03233285554 5.35928549527
0.653 7.04608543911 5.36320660877
0.654 7.05984614639 5.36711595172
0.655 7.07361497331 5.37101352999
0.656 7.08739191583 5.37489934947
0.657 7.10117696987 5.37877341604
0.658 7.11497013139 5.38263573558
0.659 7.12877139632 5.38648631396
0.66 7.14258076062 5.39032515705
0.661 7.15639822024 5.39415227072
0.662 7.17022377113 5.39796766083
0.663 7.18405740925 5.40177133325
0.664 7.19789913054 5.40556329383
0.665 7.21174893098 5.40934354843
0.666 7.22560680651 5.4131121029
0.667 7.23947275311 5.4168689631
0.668 7.25334676673 5.42061413486
0.669 7.26722884335 5.42434762404
0.67 7.28111897893 5.42806943648
0.671 7.29501716944 5.43177957801
0.672 7.30892341085 5.43547805447
0.673 7.32283769915 5.43916487169
0.674 7.3367600303 5.4428400355
0.675 7.35069040028 5.44650355173
0.676 7.36462880508 5.4501554262
0.677 7.37857524068 5.45379566473
0.678 7.39252970306 5.45742427315
0.679 7.40649218821 5.46104125726
0.68 7.42046269211 5.46464662288
0.681 7.43444121077 5.46824037581
0.682 7.44842774016 5.47182252187
0.683 7.46242227629 5.47539306686
0.684 7.47642481515 5.47895201657
0.685 7.49043535275 5.48249937681
0.686 7.50445388507 5.48603515337
0.687 7.51848040813 5.48955935204
0.688 7.53251491792 5.49307197861
0.689 7.54655741046 5.49657303887
0.69 7.56060788176 5.5000625386
0.691 7.57466632782 5.50354048358
0.692 7.58873274465 5.50700687958
0.693 7.60280712828 5.51046173239
0.694 7.61688947472 5.51390504777
0.695 7.63097977998 5.51733683149
0.696 7.64507804009 5.52075708933
0.697 7.65918425107 5.52416582703
0.698 7.67329840894 5.52756305036
0.699 7.68742050974 5.53094876508
0.7 7.70155054948 5.53432297695
0.701 7.71568852421 5.53768569171
0.702 7.72983442995 5.54103691511
0.703 7.74398826273 5.5443766529
0.704 7.7581500186 5.54770491082
0.705 7.77231969359 5.55102169461
0.706 7.78649728375 5.55432701001
0.707 7.8006827851 5.55762086275
0.708 7.81487619371 5.56090325857
0.709 7.82907750561 5.56417420319
0.71 7.84328671686 5.56743370233
0.711 7.8575038235 5.57068176173
0.712 7.87172882159 5.5739183871
0.713 7.88596170718 5.57714358415
0.714 7.90020247633 5.58035735861
0.715 7.91445112509 5.58355971617
0.716 7.92870764953 5.58675066256
0.717 7.9429720457 5.58993020348
0.718 7.95724430968 5.59309834462
0.719 7.97152443752 5.5962550917
0.72 7.9858124253 5.5994004504
0.721 8.00010826909 5.60253442642
0.722 8.01441196496 5.60565702546
0.723 8.02872350897 5.60876825319
0.724 8.04304289722 5.61186811531
0.725 8.05737012577 5.6149566175
0.726 8.07170519071 5.61803376544
0.727 8.08604808811 5.6210995648
0.728 8.10039881407 5.62415402127
0.729 8.11475736466 5.62719714051
0.73 8.12912373598 5.63022892818
0.731 8.14349792411 5.63324938997
0.732 8.15787992515 5.63625853152
0.733 8.17226973519 5.6392563585
0.734 8.18666735032 5.64224287657
0.735 8.20107276664 5.64521809138
0.736 8.21548598026 5.64818200858
0.737 8.22990698727 5.65113463382
0.738 8.24433578378 5.65407597275
0.739 8.25877236589 5.65700603101
0.74 8.2732167297 5.65992481424
0.741 8.28766887134 5.66283232809
0.742 8.3021287869 5.66572857817
0.743 8.31659647251 5.66861357013
0.744 8.33107192427 5.67148730959
0.745 8.34555513831 5.67434980218
0.746 8.36004611074 5.67720105353
0.747 8.37454483769 5.68004106925
0.748 8.38905131527 5.68286985496
0.749 8.40356553961 5.68568741628
0.75 8.41808750684 5.68849375882
0.751 8.43261721309 5.69128888819
0.752 8.44715465448 5.69407280999
0.753 8.46169982715 5.69684552983
0.754 8.47625272724 5.69960705332
0.755 8.49081335088 5.70235738604
0.756 8.5053816942 5.70509653359
0.757 8.51995775335 5.70782450157
0.758 8.53454152448 5.71054129557
0.759 8.54913300371 5.71324692117
0.76 8.56373218721 5.71594138395
0.761 8.57833907112 5.71862468951
0.762 8.59295365158 5.72129684341
0.763 8.60757592476 5.72395785124
0.764 8.62220588679 5.72660771856
0.765 8.63684353385 5.72924645095
0.766 8.65148886208 5.73187405397
0.767 8.66614186765 5.73449053319
0.768 8.68080254672 5.73709589417
0.769 8.69547089545 5.73969014247
0.77 8.71014691 5.74227328365
0.771 8.72483058654 5.74484532325
0.772 8.73952192125 5.74740626684
0.773 8.75422091029 5.74995611995
0.774 8.76892754983 5.75249488814
0.775 8.78364183606 5.75502257694
0.776 8.79836376514 5.7575391919
0.777 8.81309333326 5.76004473855
0.778 8.82783053659 5.76253922243
0.779 8.84257537132 5.76502264907
0.78 8.85732783364 5.76749502399
0.781 8.87208791972 5.76995635272
0.782 8.88685562576 5.77240664079
0.783 8.90163094795 5.77484589372
0.784 8.91641388247 5.77727411702
0.785 8.93120442553 5.77969131621
0.786 8.94600257332 5.7820974968
0.787 8.96080832203 5.7844926643
0.788 8.97562166787 5.78687682421
0.789 8.99044260704 5.78924998205
0.79 9.00527113574 5.79161214331
0.791 9.02010725017 5.79396331348
0.792 9.03495094654 5.79630349807
0.793 9.04980222107 5.79863270257
0.794 9.06466106996 5.80095093247
0.795 9.07952748942 5.80325819325
0.796 9.09440147568 5.8055544904
0.797 9.10928302494 5.8078398294
0.798 9.12417213343 5.81011421573
0.799 9.13906879736 5.81237765487
0.8 9.15397301296 5.81463015229
0.801 9.16888477646 5.81687171346
0.802 9.18380408407 5.81910234385
0.803 9.19873093203 5.82132204893
0.804 9.21366531656 5.82353083415
0.805 9.2286072339 5.82572870498
0.806 9.24355668029 5.82791566688
0.807 9.25851365195 5.83009172529
0.808 9.27347814512 5.83225688568
0.809 9.28845015605 5.83441115348
0.81 9.30342968097 5.83655453415
0.811 9.31841671613 5.83868703313
0.812 9.33341125777 5.84080865586
0.813 9.34841330214 5.84291940778
0.814 9.36342284549 5.84501929432
0.815 9.37843988407 5.84710832092
0.816 9.39346441413 5.84918649301
0.817 9.40849643192 5.85125381601
0.818 9.4235359337 5.85331029535
0.819 9.43858291574 5.85535593645
0.82 9.45363737428 5.85739074473
0.821 9.46869930559 5.8594147256
0.822 9.48376870594 5.86142788449
0.823 9.49884557158 5.86343022679
0.824 9.5139298988 5.86542175793
0.825 9.52902168385 5.8674024833
0.826 9.54412092301 5.8693724083
0.827 9.55922761255 5.87133153834
0.828 9.57434174874 5.87327987882
0.829 9.58946332787 5.87521743513
0.83 9.6045923462 5.87714421266
0.831 9.61972880003 5.8790602168
0.832 9.63487268563 5.88096545294
0.833 9.65002399929 5.88285992646
0.834 9.66518273729 5.88474364275
0.835 9.68034889592 5.88661660717
0.836 9.69552247147 5.88847882512
0.837 9.71070346023 5.89033030195
0.838 9.7258918585 5.89217104305
0.839 9.74108766257 5.89400105377
0.84 9.75629086874 5.89582033949
0.841 9.77150147331 5.89762890557
0.842 9.78671947257 5.89942675736
0.843 9.80194486284 5.90121390023
0.844 9.8171776404 5.90299033953
0.845 9.83241780158 5.90475608061
0.846 9.84766534268 5.90651112881
0.847 9.86292026001 5.9082554895
0.848 9.87818254988 5.909989168
0.849 9.89345220861 5.91171216966
0.85 9.9087292325 5.91342449983
0.851 9.92401361789 5.91512616382
0.852 9.93930536108 5.91681716699
0.853 9.9546044584 5.91849751465
0.854 9.96991090617 5.92016721214
0.855 9.98522470071 5.92182626478
0.856 10.0005458384 5.9234746779
0.857 10.0158743154 5.92511245681
0.858 10.0312101283 5.92673960683
0.859 10.0465532732 5.92835613327
0.86 10.0619037466 5.92996204145
0.861 10.0772615447 5.93155733668
0.862 10.0926266639 5.93314202426
0.863 10.1079991006 5.93471610949
0.864 10.1233788511 5.93627959768
0.865 10.1387659116 5.93783249413
0.866 10.1541602787 5.93937480413
0.867 10.1695619485 5.94090653298
0.868 10.1849709176 5.94242768596
0.869 10.2003871821 5.94393826836
0.87 10.2158107385 5.94543828548
0.871 10.2312415831 5.94692774258
0.872 10.2466797124 5.94840664496
0.873 10.2621251225 5.94987499788
0.874 10.2775778099 5.95133280663
0.875 10.293037771 5.95278007647
0.876 10.3085050021 5.95421681268
0.877 10.3239794996 5.95564302052
0.878 10.3394612599 5.95705870526
0.879 10.3549502793 5.95846387216
0.88 10.3704465541 5.95985852647
0.881 10.3859500808 5.96124267345
0.882 10.4014608558 5.96261631836
0.883 10.4169788754 5.96397946645
0.884 10.4325041359 5.96533212296
0.885 10.4480366339 5.96667429315
0.886 10.4635763656 5.96800598225
0.887 10.4791233274 5.96932719551
0.888 10.4946775157 5.97063793816
0.889 10.510238927 5.97193821543
0.89 10.5258075575 5.97322803257
0.891 10.5413834037 5.9745073948
0.892 10.556966462 5.97577630735
0.893 10.5725567288 5.97703477545
0.894 10.5881542004 5.97828280431
0.895 10.6037588733 5.97952039915
0.896 10.6193707439 5.9807475652
0.897 10.6349898085 5.98196430766
0.898 10.6506160636 5.98317063176
0.899 10.6662495056 5.98436654269
0.9 10.6818901308 5.98555204567
0.901 10.6975379357 5.98672714589
0.902 10.7131929168 5.98789184856
0.903 10.7288550703 5.98904615889
0.904 10.7445243928 5.99019008206
0.905 10.7602008806 5.99132362326
0.906 10.7758845302 5.9924467877
0.907 10.7915753379 5.99355958055
0.908 10.8072733002 5.99466200701
0.909 10.8229784136 5.99575407225
0.91 10.8386906744 5.99683578146
0.911 10.854410079 5.99790713982
0.912 10.870136624 5.9989681525
0.913 10.8858703057 6.00001882467
0.914 10.9016111205 6.0010591615
0.915 10.917359065 6.00208916817
0.916 10.9331141354 6.00310884983
0.917 10.9488763284 6.00411821165
0.918 10.9646456402 6.0051172588
0.919 10.9804220674 6.00610599641
0.92 10.9962056063 6.00708442966
0.921 11.0119962535 6.0080525637
0.922 11.0277940054 6.00901040366
0.923 11.0435988584 6.00995795471
0.924 11.059410809 6.01089522198
0.925 11.0752298536 6.01182221061
0.926 11.0910559886 6.01273892575
0.927 11.1068892107 6.01364537254
0.928 11.122729516 6.0145415561
0.929 11.1385769013 6.01542748157
0.93 11.1544313628 6.01630315408
0.931 11.1702928972 6.01716857875
0.932 11.1861615007 6.0180237607
0.933 11.20203717 6.01886870507
0.934 11.2179199014 6.01970341697
0.935 11.2338096914 6.0205279015
0.936 11.2497065366 6.0213421638
0.937 11.2656104333 6.02214620897
0.938 11.2815213781 6.02294004211
0.939 11.2974393674 6.02372366834
0.94 11.3133643977 6.02449709275
0.941 11.3292964655 6.02526032045
0.942 11.3452355673 6.02601335654
0.943 11.3611816995 6.02675620611
0.944 11.3771348587 6.02748887425
0.945 11.3930950412 6.02821136606
0.946 11.4090622437 6.02892368662
0.947 11.4250364626 6.02962584103
0.948 11.4410176944 6.03031783436
0.949 11.4570059355 6.03099967169
0.95 11.4730011825 6.0316713581
0.951 11.4890034319 6.03233289867
0.952 11.5050126802 6.03298429846
0.953 11.5210289239 6.03362556256
0.954 11.5370521594 6.03425669603
0.955 11.5530823833 6.03487770393
0.956 11.5691195922 6.03548859132
0.957 11.5851637824 6.03608936327
0.958 11.6012149505 6.03668002484
0.959 11.617273093 6.03726058107
0.96 11.6333382064 6.03783103703
0.961 11.6494102873 6.03839139776
0.962 11.6654893322 6.03894166831
0.963 11.6815753375 6.03948185372
0.964 11.6976682999 6.04001195904
0.965 11.7137682157 6.04053198931
0.966 11.7298750816 6.04104194956
0.967 11.7459888941 6.04154184483
0.968 11.7621096496 6.04203168016
0.969 11.7782373448 6.04251146057
0.97 11.7943719761 6.04298119108
0.971 11.8105135401 6.04344087674
0.972 11.8266620334 6.04389052254
0.973 11.8428174523 6.04433013353
0.974 11.8589797936 6.04475971471
0.975 11.8751490537 6.0451792711
0.976 11.8913252292 6.04558880771
0.977 11.9075083166 6.04598832956
0.978 11.9236983124 6.04637784164
0.979 11.9398952133 6.04675734896
0.98 11.9560990157 6.04712685654
0.981 11.9723097162 6.04748636936
0.982 11.9885273113 6.04783589242
0.983 12.0047517976 6.04817543072
0.984 12.0209831717 6.04850498925
0.985 12.0372214302 6.04882457301
0.986 12.0534665694 6.04913418697
0.987 12.0697185862 6.04943383612
0.988 12.0859774769 6.04972352545
0.989 12.1022432381 6.05000325993
0.99 12.1185158665 6.05027304455
0.991 12.1347953586 6.05053288428
0.992 12.1510817109 6.05078278408
0.993 12.16737492 6.05102274894
0.994 12.1836749826 6.05125278381
0.995 12.1999818951 6.05147289366
0.996 12.2162956541 6.05168308346
0.997 12.2326162563 6.05188335817
0.998 12.2489436982 6.05207372274
0.999 12.2652779763 6.05225418212
1.0 12.2816190873 6.05242474128
1.001 12.2979670278 6.05258540516
1.002 12.3143217943 6.0527361787
1.003 12.3306833834 6.05287706686
1.004 12.3470517917 6.05300807457
1.005 12.3634270158 6.05312920678
1.006 12.3798090523 6.05324046843
1.007 12.3961978978 6.05334186444
1.008 12.4125935488 6.05343339976
1.009 12.428996002 6.0535150793
1.01 12.445405254 6.05358690801
1.011 12.4618213014 6.0536488908
1.012 12.4782441408 6.05370103261
1.013 12.4946737687 6.05374333834
1.014 12.5111101818 6.05377581292
1.015 12.5275533767 6.05379846126
1.016 12.54400335 6.05381128827
1.017 12.5604600984 6.05381429888
1.018 12.5769236183 6.05380749797
1.019 12.5933939065 6.05379089047
1.02 12.6098709595 6.05376448127
1.021 12.6263547741 6.05372827528
1.022 12.6428453467 6.05368227739
1.023 12.659342674 6.0536264925
1.024 12.6758467527 6.0535609255
1.025 12.6923575793 6.05348558128
1.026 12.7088751505 6.05340046474
1.027 12.7253994629 6.05330558076
1.028 12.7419305132 6.05320093421
1.029 12.7584682979 6.05308652999
1.03 12.7750128138 6.05296237298
1.031 12.7915640574 6.05282846804
1.032 12.8081220254 6.05268482005
1.033 12.8246867143 6.05253143389
1.034 12.841258121 6.05236831442
1.035 12.8578362419 6.05219546651
1.036 12.8744210738 6.05201289502
1.037 12.8910126133 6.05182060482
1.038 12.907610857 6.05161860077
1.039 12.9242158015 6.05140688771
1.04 12.9408274436 6.05118547052
1.041 12.9574457799 6.05095435403
1.042 12.974070807 6.0507135431
1.043 12.9907025216 6.05046304257
1.044 13.0073409204 6.0502028573
1.045 13.0239859999 6.04993299212
1.046 13.0406377569 6.04965345187
1.047 13.057296188 6.04936424139
1.048 13.0739612899 6.04906536552
1.049 13.0906330593 6.04875682908
1.05 13.1073114927 6.04843863692
1.051 13.123996587 6.04811079384
1.052 13.1406883387 6.0477733047
1.053 13.1573867445 6.04742617429
1.054 13.1740918012 6.04706940745
1.055 13.1908035053 6.04670300899
1.056 13.2075218535 6.04632698374
1.057 13.2242468426 6.04594133649
1.058 13.2409784692 6.04554607207
1.059 13.2577167299 6.04514119528
1.06 13.2744616216 6.04472671093
1.061 13.2912131408 6.04430262382
1.062 13.3079712842 6.04386893876
1.063 13.3247360485 6.04342566054
1.064 13.3415074305 6.04297279395
1.065 13.3582854268 6.0425103438
1.066 13.3750700341 6.04203831488
1.067 13.3918612491 6.04155671197
1.068 13.4086590684 6.04106553986
1.069 13.4254634889 6.04056480334
1.07 13.4422745072 6.04005450718
1.071 13.4590921199 6.03953465618
1.072 13.4759163239 6.0390052551
1.073 13.4927471157 6.03846630872
1.074 13.5095844921 6.03791782181
1.075 13.5264284499 6.03735979915
1.076 13.5432789857 6.03679224549
1.077 13.5601360962 6.03621516562
1.078 13.5769997781 6.03562856428
1.079 13.5938700282 6.03503244625
1.08 13.6107468432 6.03442681627
1.081 13.6276302198 6.03381167911
1.082 13.6445201547 6.03318703952
1.083 13.6614166446 6.03255290225
1.084 13.6783196863 6.03190927204
1.085 13.6952292764 6.03125615365
1.086 13.7121454118 6.03059355182
1.087 13.7290680891 6.0299214713
1.088 13.7459973051 6.02923991681
1.089 13.7629330564 6.0285488931
1.09 13.7798753399 6.0278484049
1.091 13.7968241522 6.02713845694
1.092 13.8137794901 6.02641905396
1.093 13.8307413504 6.02569020068
1.094 13.8477097297 6.02495190183
1.095 13.8646846248 6.02420416212
1.096 13.8816660325 6.02344698629
1.097 13.8986539495 6.02268037904
1.098 13.9156483725 6.0219043451
1.099 13.9326492984 6.02111888918
1.1 13.9496567237 6.02032401598
1.101 13.9666706453 6.01951973022
1.102 13.98369106 6.0187060366
1.103 14.0007179645 6.01788293983
1.104 14.0177513555 6.01705044461
1.105 14.0347912298 6.01620855563
1.106 14.0518375842 6.0153572776
1.107 14.0688904154 6.01449661521
1.108 14.0859497202 6.01362657315
1.109 14.1030154954 6.01274715611
1.11 14.1200877376 6.01185836878
1.111 14.1371664437 6.01096021584
1.112 14.1542516105 6.01005270198
1.113 14.1713432347 6.00913583188
1.114 14.1884413131 6.00820961021
1.115 14.2055458424 6.00727404165
1.116 14.2226568195 6.00632913088
1.117 14.2397742411 6.00537488256
1.118 14.256898104 6.00441130137
1.119 14.2740284049 6.00343839196
1.12 14.2911651407 6.00245615901
1.121 14.3083083082 6.00146460718
1.122 14.325457904 6.00046374113
1.123 14.3426139251 5.9994535655
1.124 14.3597763681 5.99843408497
1.125 14.3769452299 5.99740530417
1.126 14.3941205073 5.99636722777
1.127 14.411302197 5.9953198604
1.128 14.4284902959 5.99426320672
1.129 14.4456848008 5.99319727136
1.13 14.4628857084 5.99212205897
1.131 14.4800930155 5.99103757419
1.132 14.497306719 5.98994382165
1.133 14.5145268157 5.98884080599
1.134 14.5317533023 5.98772853183
1.135 14.5489861756 5.98660700381
1.136 14.5662254325 5.98547622656
1.137 14.5834710698 5.98433620469
1.138 14.6007230843 5.98318694284
1.139 14.6179814727 5.98202844561
1.14 14.635246232 5.98086071764
1.141 14.6525173589 5.97968376353
1.142 14.6697948502 5.97849758789
1.143 14.6870787028 5.97730219535
1.144 14.7043689134 5.9760975905
1.145 14.721665479 5.97488377795
1.146 14.7389683962 5.97366076231
1.147 14.756277662 5.97242854817
1.148 14.7735932732 5.97118714015
1.149 14.7909152266 5.96993654282
1.15 14.808243519 5.9686767608
1.151 14.8255781472 5.96740779867
1.152 14.8429191081 5.96612966101
1.153 14.8602663986 5.96484235243
1.154 14.8776200154 5.9635458775
1.155 14.8949799554 5.96224024081
1.156 14.9123462154 5.96092544694
1.157 14.9297187923 5.95960150046
1.158 14.9470976829 5.95826840596
1.159 14.964482884 5.956926168
1.16 14.9818743926 5.95557479116
1.161 14.9992722054 5.95421428002
1.162 15.0166763193 5.95284463912
1.163 15.0340867311 5.95146587305
1.164 15.0515034378 5.95007798636
1.165 15.068926436 5.94868098362
1.166 15.0863557228 5.94727486937
1.167 15.103791295 5.94585964818
1.168 15.1212331493 5.94443532461
1.169 15.1386812827 5.94300190319
1.17 15.1561356921 5.94155938849
1.171 15.1735963743 5.94010778504
1.172 15.1910633261 5.9386470974
1.173 15.2085365444 5.9371773301
1.174 15.2260160261 5.93569848768
1.175 15.2435017681 5.93421057468
1.176 15.2609937672 5.93271359564
1.177 15.2784920204 5.93120755509
1.178 15.2959965243 5.92969245756
1.179 15.3135072761 5.92816830758
1.18 15.3310242724 5.92663510967
1.181 15.3485475103 5.92509286836
1.182 15.3660769866 5.92354158818
1.183 15.3836126981 5.92198127363
1.184 15.4011546417 5.92041192924
1.185 15.4187028144 5.91883355952
1.186 15.436257213 5.91724616899
1.187 15.4538178344 5.91564976215
1.188 15.4713846755 5.91404434352
1.189 15.4889577331 5.9124299176
1.19 15.5065370043 5.91080648888
1.191 15.5241224858 5.90917406189
1.192 15.5417141745 5.9075326411
1.193 15.5593120674 5.90588223103
1.194 15.5769161614 5.90422283616
1.195 15.5945264533 5.90255446099
1.196 15.6121429401 5.90087711001
1.197 15.6297656186 5.8991907877
1.198 15.6473944858 5.89749549855
1.199 15.6650295386 5.89579124705
1.2 15.6826707738 5.89407803768
1.201 15.7003181884 5.8923558749
1.202 15.7179717793 5.89062476321
1.203 15.7356315434 5.88888470708
1.204 15.7532974776 5.88713571097
1.205 15.7709695789 5.88537777937
1.206 15.7886478441 5.88361091672
1.207 15.8063322702 5.88183512751
1.208 15.8240228541 5.8800504162
1.209 15.8417195926 5.87825678723
1.21 15.8594224828 5.87645424509
1.211 15.8771315216 5.87464279421
1.212 15.8948467058 5.87282243906
1.213 15.9125680325 5.87099318409
1.214 15.9302954985 5.86915503375
1.215 15.9480291007 5.86730799248
1.216 15.9657688362 5.86545206473
1.217 15.9835147018 5.86358725494
1.218 16.0012666944 5.86171356756
1.219 16.0190248111 5.85983100703
1.22 16.0367890486 5.85793957777
1.221 16.0545594041 5.85603928423
1.222 16.0723358744 5.85413013083
1.223 16.0901184565 5.85221212202
1.224 16.1079071473 5.8502852622
1.225 16.1257019437 5.84834955582
1.226 16.1435028427 5.84640500729
1.227 16.1613098413 5.84445162103
1.228 16.1791229364 5.84248940147
1.229 16.1969421249 5.84051835301
1.23 16.2147674038 5.83853848008
1.231 16.2325987701 5.83654978709
1.232 16.2504362208 5.83455227845
1.233 16.2682797526 5.83254595855
1.234 16.2861293628 5.83053083182
1.235 16.3039850481 5.82850690265
1.236 16.3218468056 5.82647417545
1.237 16.3397146322 5.82443265461
1.238 16.3575885248 5.82238234453
1.239 16.3754684806 5.8203232496
1.24 16.3933544963 5.81825537423
1.241 16.4112465691 5.81617872279
1.242 16.4291446958 5.81409329967
1.243 16.4470488735 5.81199910927
1.244 16.464959099 5.80989615596
1.245 16.4828753695 5.80778444413
1.246 16.5007976818 5.80566397816
1.247 16.5187260329 5.80353476242
1.248 16.5366604199 5.80139680128
1.249 16.5546008397 5.79925009913
1.25 16.5725472893 5.79709466033
1.251 16.5904997657 5.79493048924
1.252 16.6084582658 5.79275759025
1.253 16.6264227866 5.7905759677
1.254 16.6443933252 5.78838562596
1.255 16.6623698786 5.7861865694
1.256 16.6803524436 5.78397880236
1.257 16.6983410174 5.7817623292
1.258 16.7163355969 5.77953715429
1.259 16.7343361791 5.77730328196
1.26 16.752342761 5.77506071656
1.261 16.7703553396 5.77280946245
1.262 16.788373912 5.77054952397
1.263 16.806398475 5.76828090545
1.264 16.8244290258 5.76600361125
1.265 16.8424655613 5.76371764569
1.266 16.8605080785 5.76142301311
1.267 16.8785565744 5.75911971786
1.268 16.8966110462 5.75680776424
1.269 16.9146714906 5.75448715661
1.27 16.9327379049 5.75215789928
1.271 16.9508102859 5.74981999658
1.272 16.9688886308 5.74747345282
1.273 16.9869729365 5.74511827235
1.274 17.0050632 5.74275445946
1.275 17.0231594184 5.74038201847
1.276 17.0412615887 5.73800095371
1.277 17.0593697079 5.73561126948
1.278 17.0774837731 5.7332129701
1.279 17.0956037812 5.73080605986
1.28 17.1137297293 5.72839054307
1.281 17.1318616144 5.72596642405
1.282 17.1499994336 5.72353370709
1.283 17.1681431839 5.72109239648
1.284 17.1862928623 5.71864249653
1.285 17.2044484659 5.71618401153
1.286 17.2226099916 5.71371694577
1.287 17.2407774366 5.71124130354
1.288 17.2589507979 5.70875708914
1.289 17.2771300725 5.70626430684
1.29 17.2953152575 5.70376296094
1.291 17.3135063499 5.7012530557
1.292 17.3317033467 5.69873459542
1.293 17.349906245 5.69620758437
1.294 17.3681150419 5.69367202683
1.295 17.3863297344 5.69112792706
1.296 17.4045503195 5.68857528934
1.297 17.4227767943 5.68601411795
1.298 17.4410091559 5.68344441714
1.299 17.4592474014 5.68086619117
1.3 17.4774915277 5.67827944433
1.301 17.4957415319 5.67568418085
1.302 17.5139974111 5.67308040501
1.303 17.5322591624 5.67046812105
1.304 17.5505267828 5.66784733324
1.305 17.5688002695 5.66521804582
1.306 17.5870796193 5.66258026304
1.307 17.6053648295 5.65993398916
1.308 17.6236558971 5.65727922841
1.309 17.6419528191 5.65461598505
1.31 17.6602555927 5.6519442633
1.311 17.6785642149 5.64926406742
1.312 17.6968786828 5.64657540163
1.313 17.7151989935 5.64387827018
1.314 17.733525144 5.64117267729
1.315 17.7518571314 5.6384586272
1.316 17.7701949529 5.63573612413
1.317 17.7885386054 5.63300517232
1.318 17.8068880861 5.63026577598
1.319 17.825243392 5.62751793934
1.32 17.8436045203 5.62476166661
1.321 17.8619714681 5.62199696203
1.322 17.8803442323 5.61922382979
1.323 17.8987228102 5.61644227413
1.324 17.9171071988 5.61365229924
1.325 17.9354973952 5.61085390933
1.326 17.9538933965 5.60804710863
1.327 17.9722951998 5.60523190132
1.328 17.9907028022 5.60240829162
1.329 18.0091162008 5.59957628372
1.33 18.0275353927 5.59673588182
1.331 18.045960375 5.59388709013
1.332 18.0643911448 5.59102991283
1.333 18.0828276993 5.58816435412
1.334 18.1012700354 5.58529041819
1.335 18.1197181504 5.58240810923
1.336 18.1381720413 5.57951743142
1.337 18.1566317053 5.57661838896
1.338 18.1750971395 5.57371098601
1.339 18.1935683409 5.57079522676
1.34 18.2120453067 5.5678711154
1.341 18.2305280341 5.56493865609
1.342 18.24901652 5.56199785301
1.343 18.2675107618 5.55904871033
1.344 18.2860107564 5.55609123222
1.345 18.304516501 5.55312542285
1.346 18.3230279928 5.55015128639
1.347 18.3415452288 5.54716882699
1.348 18.3600682062 5.54417804882
1.349 18.3785969221 5.54117895605
1.35 18.3971313736 5.53817155282
1.351 18.4156715579 5.53515584329
1.352 18.4342174721 5.53213183161
1.353 18.4527691134 5.52909952194
1.354 18.4713264788 5.52605891843
1.355 18.4898895656 5.52301002522
1.356 18.5084583708 5.51995284645
1.357 18.5270328916 5.51688738628
1.358 18.5456131252 5.51381364883
1.359 18.5641990686 5.51073163825
1.36 18.5827907191 5.50764135868
1.361 18.6013880737 5.50454281425
1.362 18.6199911297 5.50143600909
1.363 18.6385998841 5.49832094733
1.364 18.6572143342 5.49519763311
1.365 18.675834477 5.49206607054
1.366 18.6944603098 5.48892626375
1.367 18.7130918296 5.48577821686
1.368 18.7317290337 5.482621934
1.369 18.7503719192 5.47945741928
1.37 18.7690204832 5.47628467682
1.371 18.787674723 5.47310371073
1.372 18.8063346356 5.46991452512
1.373 18.8250002183 5.46671712411
1.374 18.8436714682 5.46351151179
1.375 18.8623483825 5.46029769228
1.376 18.8810309583 5.45707566969
1.377 18.8997191928 5.4538454481
1.378 18.9184130832 5.45060703162
1.379 18.9371126267 5.44736042435
1.38 18.9558178203 5.44410563039
1.381 18.9745286614 5.44084265382
1.382 18.9932451471 5.43757149874
1.383 19.0119672745 5.43429216924
1.384 19.0306950409 5.4310046694
1.385 19.0494284434 5.42770900331
1.386 19.0681674792 5.42440517506
1.387 19.0869121454 5.42109318872
1.388 19.1056624393 5.41777304837
1.389 19.1244183581 5.41444475809
1.39 19.1431798989 5.41110832196
1.391 19.161947059 5.40776374405
1.392 19.1807198355 5.40441102842
1.393 19.1994982255 5.40105017916
1.394 19.2182822264 5.39768120032
1.395 19.2370718353 5.39430409596
1.396 19.2558670494 5.39091887016
1.397 19.2746678659 5.38752552697
1.398 19.2934742819 5.38412407046
1.399 19.3122862948 5.38071450467
1.4 19.3311039017 5.37729683366
1.401 19.3499270997 5.3738710615
1.402 19.3687558862 5.37043719221
1.403 19.3875902582 5.36699522986
1.404 19.4064302131 5.3635451785
1.405 19.425275748 5.36008704215
1.406 19.4441268601 5.35662082488
1.407 19.4629835467 5.35314653071
1.408 19.4818458049 5.3496641637
1.409 19.500713632 5.34617372786
1.41 19.5195870252 5.34267522725
1.411 19.5384659817 5.33916866588
1.412 19.5573504987 5.33565404779
1.413 19.5762405734 5.33213137702
1.414 19.5951362031 5.32860065758
1.415 19.614037385 5.32506189349
1.416 19.6329441163 5.32151508879
1.417 19.6518563943 5.3179602475
1.418 19.6707742161 5.31439737362
1.419 19.689697579 5.31082647118
1.42 19.7086264802 5.30724754419
1.421 19.727560917 5.30366059667
1.422 19.7465008865 5.30006563262
1.423 19.7654463861 5.29646265605
1.424 19.7843974129 5.29285167097
1.425 19.8033539642 5.28923268138
1.426 19.8223160372 5.28560569129
1.427 19.8412836292 5.28197070469
1.428 19.8602567373 5.27832772558
1.429 19.879235359 5.27467675797
1.43 19.8982194913 5.27101780584
1.431 19.9172091315 5.26735087318
1.432 19.936204277 5.26367596399
1.433 19.9552049248 5.25999308226
1.434 19.9742110724 5.25630223196
1.435 19.9932227168 5.25260341709
1.436 20.0122398555 5.24889664163
1.437 20.0312624856 5.24518190956
1.438 20.0502906043 5.24145922485
1.439 20.069324209 5.23772859149
1.44 20.0883632969 5.23399001344
1.441 20.1074078653 5.23024349468
1.442 20.1264579113 5.22648903918
1.443 20.1455134324 5.22272665091
1.444 20.1645744257 5.21895633383
1.445 20.1836408884 5.21517809191
1.446 20.202712818 5.21139192911
1.447 20.2217902116 5.20759784939
1.448 20.2408730665 5.20379585671
1.449 20.2599613799 5.19998595503
1.45 20.2790551493 5.1961681483
1.451 20.2981543717 5.19234244048
1.452 20.3172590445 5.1885088355
1.453 20.336369165 5.18466733733
1.454 20.3554847304 5.18081794991
1.455 20.374605738 5.17696067718
1.456 20.3937321852 5.17309552309
1.457 20.4128640691 5.16922249158
1.458 20.432001387 5.16534158658
1.459 20.4511441363 5.16145281203
1.46 20.4702923143 5.15755617188
1.461 20.4894459181 5.15365167004
1.462 20.5086049452 5.14973931045
1.463 20.5277693927 5.14581909704
1.464 20.546939258 5.14189103374
1.465 20.5661145384 5.13795512447
1.466 20.5852952311 5.13401137316
1.467 20.6044813335 5.13005978372
1.468 20.6236728428 5.12610036007
1.469 20.6428697564 5.12213310614
1.47 20.6620720715 5.11815802583
1.471 20.6812797855 5.11417512307
1.472 20.7004928956 5.11018440175
1.473 20.7197113991 5.1061858658
1.474 20.7389352934 5.10217951911
1.475 20.7581645758 5.0981653656
1.476 20.7773992435 5.09414340917
1.477 20.7966392939 5.09011365371
1.478 20.8158847242 5.08607610313
1.479 20.8351355319 5.08203076132
1.48 20.8543917141 5.07797763219
1.481 20.8736532682 5.07391671962
1.482 20.8929201916 5.06984802751
1.483 20.9121924815 5.06577155974
1.484 20.9314701353 5.06168732021
1.485 20.9507531502 5.0575953128
1.486 20.9700415236 5.05349554139
1.487 20.9893352529 5.04938800987
1.488 21.0086343352 5.04527272211
1.489 21.0279387681 5.04114968199
1.49 21.0472485487 5.0370188934
1.491 21.0665636744 5.0328803602
1.492 21.0858841426 5.02873408627
1.493 21.1052099505 5.02458007547
1.494 21.1245410955 5.02041833168
1.495 21.143877575 5.01624885876
1.496 21.1632193862 5.01207166058
1.497 21.1825665265 5.007886741
1.498 21.2019189932 5.00369410388
1.499 21.2212767837 4.99949375307
1.5 21.2406398954 4.99528569244
1.501 21.2600083254 4.99106992584
1.502 21.2793820712 4.98684645713
1.503 21.2987611302 4.98261529015
1.504 21.3181454996 4.97837642875
1.505 21.3375351769 4.97412987678
1.506 21.3569301593 4.96987563809
1.507 21.3763304442 4.96561371652
1.508 21.395736029 4.96134411591
1.509 21.415146911 4.9570668401
1.51 21.4345630875 4.95278189292
1.511 21.453984556 4.94848927822
1.512 21.4734113137 4.94418899983
1.513 21.4928433581 4.93988106158
1.514 21.5122806864 4.9355654673
1.515 21.531723296 4.93124222081
1.516 21.5511711844 4.92691132595
1.517 21.5706243488 4.92257278653
1.518 21.5900827866 4.91822660639
1.519 21.6095464952 4.91387278933
1.52 21.629015472 4.90951133918
1.521 21.6484897142 4.90514225976
1.522 21.6679692194 4.90076555488
1.523 21.6874539848 4.89638122835
1.524 21.7069440078 4.89198928398
1.525 21.7264392858 4.88758972559
1.526 21.7459398161 4.88318255697
1.527 21.7654455962 4.87876778194
1.528 21.7849566234 4.8743454043
1.529 21.8044728951 4.86991542784
1.53 21.8239944087 4.86547785637
1.531 21.8435211615 4.86103269369
1.532 21.8630531509 4.85657994359
1.533 21.8825903743 4.85211960987
1.534 21.9021328291 4.84765169631
1.535 21.9216805127 4.84317620671
1.536 21.9412334224 4.83869314485
1.537 21.9607915557 4.83420251453
1.538 21.98035491 4.82970431952
1.539 21.9999234825 4.82519856361
1.54 22.0194972708 4.82068525057
1.541 22.0390762721 4.81616438419
1.542 22.058660484 4.81163596825
1.543 22.0782499037 4.80710000651
1.544 22.0978445288 4.80255650276
1.545 22.1174443565 4.79800546075
1.546 22.1370493844 4.79344688427
1.547 22.1566596097 4.78888077707
1.548 22.1762750299 4.78430714293
1.549 22.1958956423 4.77972598561
1.55 22.2155214445 4.77513730886
1.551 22.2351524338 4.77054111646
1.552 22.2547886076 4.76593741215
1.553 22.2744299633 4.76132619969
1.554 22.2940764983 4.75670748283
1.555 22.31372821 4.75208126534
1.556 22.3333850959 4.74744755095
1.557 22.3530471534 4.74280634343
1.558 22.3727143798 4.7381576465
1.559 22.3923867726 4.73350146393
1.56 22.4120643292 4.72883779944
1.561 22.4317470471 4.72416665679
1.562 22.4514349236 4.71948803971
1.563 22.4711279561 4.71480195194
1.564 22.4908261421 4.71010839721
1.565 22.510529479 4.70540737926
1.566 22.5302379643 4.70069890181
1.567 22.5499515953 4.69598296861
1.568 22.5696703695 4.69125958337
1.569 22.5893942843 4.68652874983
1.57 22.6091233372 4.6817904717
1.571 22.6288575255 4.67704475271
1.572 22.6485968468 4.67229159658
1.573 22.6683412983 4.66753100703
1.574 22.6880908777 4.66276298778
1.575 22.7078455823 4.65798754253
1.576 22.7276054095 4.653204675
1.577 22.7473703568 4.64841438891
1.578 22.7671404216 4.64361668797
1.579 22.7869156014 4.63881157587
1.58 22.8066958936 4.63399905633
1.581 22.8264812956 4.62917913305
1.582 22.846271805 4.62435180973
1.583 22.8660674191 4.61951709007
1.584 22.8858681354 4.61467497777
1.585 22.9056739513 4.60982547653
1.586 22.9254848643 4.60496859004
1.587 22.9453008719 4.60010432199
1.588 22.9651219714 4.59523267608
1.589 22.9849481605 4.59035365599
1.59 23.0047794364 4.58546726541
1.591 23.0246157967 4.58057350802
1.592 23.0444572388 4.57567238752
1.593 23.0643037601 4.57076390757
1.594 23.0841553583 4.56584807186
1.595 23.1040120306 4.56092488408
1.596 23.1238737746 4.55599434788
1.597 23.1437405877 4.55105646695
1.598 23.1636124674 4.54611124497
1.599 23.1834894112 4.54115868559
1.6 23.2033714165 4.5361987925
1.601 23.2232584807 4.53123156935
1.602 23.2431506015 4.52625701981
1.603 23.2630477762 4.52127514755
1.604 23.2829500023 4.51628595622
1.605 23.3028572773 4.51128944949
1.606 23.3227695987 4.50628563101
1.607 23.3426869639 4.50127450445
1.608 23.3626093704 4.49625607344
1.609 23.3825368157 4.49123034165
1.61 23.4024692973 4.48619731273
1.611 23.4224068127 4.48115699032
1.612 23.4423493592 4.47610937807
1.613 23.4622969346 4.47105447963
1.614 23.4822495361 4.46599229864
1.615 23.5022071613 4.46092283873
1.616 23.5221698078 4.45584610356
1.617 23.5421374728 4.45076209676
1.618 23.5621101541 4.44567082196
1.619 23.582087849 4.44057228279
1.62 23.6020705551 4.4354664829
1.621 23.6220582698 4.4303534259
1.622 23.6420509907 4.42523311544
1.623 23.6620487152 4.42010555513
1.624 23.6820514408 4.4149707486
1.625 23.7020591651 4.40982869947
1.626 23.7220718855 4.40467941137
1.627 23.7420895996 4.39952288791
1.628 23.7621123048 4.39435913271
1.629 23.7821399986 4.38918814939
1.63 23.8021726786 4.38400994157
1.631 23.8222103423 4.37882451284
1.632 23.8422529871 4.37363186683
1.633 23.8623006106 4.36843200715
1.634 23.8823532103 4.36322493739
1.635 23.9024107837 4.35801066117
1.636 23.9224733283 4.35278918209
1.637 23.9425408417 4.34756050374
1.638 23.9626133213 4.34232462974
1.639 23.9826907646 4.33708156367
1.64 24.0027731692 4.33183130914
1.641 24.0228605326 4.32657386973
1.642 24.0429528524 4.32130924904
1.643 24.0630501259 4.31603745067
1.644 24.0831523509 4.31075847819
1.645 24.1032595247 4.3054723352
1.646 24.1233716449 4.30017902528
1.647 24.1434887091 4.29487855201
1.648 24.1636107148 4.28957091898
1.649 24.1837376594 4.28425612977
1.65 24.2038695406 4.27893418795
1.651 24.2240063558 4.2736050971
1.652 24.2441481026 4.2682688608
1.653 24.2642947786 4.26292548262
1.654 24.2844463812 4.25757496613
1.655 24.304602908 4.25221731489
1.656 24.3247643565 4.24685253248
1.657 24.3449307244 4.24148062246
1.658 24.365102009 4.2361015884
1.659 24.385278208 4.23071543385
1.66 24.4054593189 4.22532216238
1.661 24.4256453392 4.21992177755
1.662 24.4458362666 4.21451428291
1.663 24.4660320984 4.20909968201
1.664 24.4862328324 4.20367797842
1.665 24.506438466 4.19824917568
1.666 24.5266489967 4.19281327734
1.667 24.5468644222 4.18737028694
1.668 24.56708474 4.18192020805
1.669 24.5873099476 4.17646304419
1.67 24.6075400427 4.17099879892
1.671 24.6277750227 4.16552747576
1.672 24.6480148851 4.16004907827
1.673 24.6682596277 4.15456360998
1.674 24.6885092479 4.14907107442
1.675 24.7087637433 4.14357147513
1.676 24.7290231114 4.13806481564
1.677 24.7492873498 4.13255109948
1.678 24.7695564562 4.12703033018
1.679 24.7898304279 4.12150251126
1.68 24.8101092627 4.11596764625
1.681 24.8303929581 4.11042573868
1.682 24.8506815116 4.10487679206
1.683 24.8709749208 4.09932080991
1.684 24.8912731834 4.09375779575
1.685 24.9115762968 4.0881877531
1.686 24.9318842586 4.08261068547
1.687 24.9521970665 4.07702659638
1.688 24.972514718 4.07143548932
1.689 24.9928372106 4.06583736783
1.69 25.013164542 4.06023223539
1.691 25.0334967098 4.05462009552
1.692 25.0538337114 4.04900095172
1.693 25.0741755445 4.04337480749
1.694 25.0945222068 4.03774166633
1.695 25.1148736957 4.03210153175
1.696 25.1352300088 4.02645440723
1.697 25.1555911438 4.02080029627
1.698 25.1759570982 4.01513920237
1.699 25.1963278697 4.00947112902
1.7 25.2167034558 4.0037960797
1.701 25.237083854 3.99811405791
1.702 25.2574690621 3.99242506713
1.703 25.2778590776 3.98672911084
1.704 25.298253898 3.98102619253
1.705 25.3186535211 3.97531631568
1.706 25.3390579443 3.96959948377
1.707 25.3594671654 3.96387570028
1.708 25.3798811818 3.95814496868
1.709 25.4002999912 3.95240729244
1.71 25.4207235912 3.94666267504
1.711 25.4411519794 3.94091111995
1.712 25.4615851534 3.93515263064
1.713 25.4820231108 3.92938721057
1.714 25.5024658493 3.92361486321
1.715 25.5229133663 3.91783559203
1.716 25.5433656597 3.91204940048
1.717 25.5638227268 3.90625629203
1.718 25.5842845655 3.90045627013
1.719 25.6047511732 3.89464933824
1.72 25.6252225476 3.88883549982
1.721 25.6456986863 3.88301475831
1.722 25.666179587 3.87718711718
1.723 25.6866652472 3.87135257987
1.724 25.7071556646 3.86551114983
1.725 25.7276508367 3.8596628305
1.726 25.7481507613 3.85380762533
1.727 25.7686554359 3.84794553777
1.728 25.7891648582 3.84207657125
1.729 25.8096790258 3.83620072921
1.73 25.8301979363 3.83031801509
1.731 25.8507215873 3.82442843233
1.732 25.8712499765 3.81853198436
1.733 25.8917831015 3.81262867462
1.734 25.91232096 3.80671850653
1.735 25.9328635495 3.80080148352
1.736 25.9534108677 3.79487760903
1.737 25.9739629123 3.78894688647
1.738 25.9945196808 3.78300931927
1.739 26.015081171 3.77706491086
1.74 26.0356473804 3.77111366465
1.741 26.0562183067 3.76515558407
1.742 26.0767939476 3.75919067252
1.743 26.0973743006 3.75321893343
1.744 26.1179593634 3.74724037021
1.745 26.1385491337 3.74125498628
1.746 26.1591436092 3.73526278503
1.747 26.1797427874 3.72926376989
1.748 26.200346666 3.72325794425
1.749 26.2209552426 3.71724531152
1.75 26.241568515 3.71122587511
1.751 26.2621864808 3.70519963842
1.752 26.2828091375 3.69916660485
1.753 26.303436483 3.6931267778
1.754 26.3240685147 3.68708016066
1.755 26.3447052305 3.68102675682
1.756 26.3653466278 3.67496656969
1.757 26.3859927045 3.66889960265
1.758 26.4066434582 3.6628258591
1.759 26.4272988865 3.65674534242
1.76 26.447958987 3.65065805599
1.761 26.4686237575 3.64456400321
1.762 26.4892931956 3.63846318746
1.763 26.509967299 3.63235561211
1.764 26.5306460654 3.62624128055
1.765 26.5513294924 3.62012019616
1.766 26.5720175776 3.61399236231
1.767 26.5927103188 3.60785778238
1.768 26.6134077137 3.60171645973
1.769 26.6341097598 3.59556839775
1.77 26.6548164549 3.5894135998
1.771 26.6755277967 3.58325206924
1.772 26.6962437828 3.57708380946
1.773 26.7169644109 3.5709088238
1.774 26.7376896787 3.56472711564
1.775 26.7584195839 3.55853868833
1.776 26.7791541241 3.55234354523
1.777 26.799893297 3.5461416897
1.778 26.8206371004 3.53993312511
1.779 26.8413855318 3.53371785479
1.78 26.862138589 3.52749588211
1.781 26.8828962698 3.52126721042
1.782 26.9036585716 3.51503184306
1.783 26.9244254923 3.50878978338
1.784 26.9451970296 3.50254103474
1.785 26.9659731811 3.49628560047
1.786 26.9867539445 3.49002348392
1.787 27.0075393175 3.48375468842
1.788 27.0283292978 3.47747921733
1.789 27.0491238832 3.47119707396
1.79 27.0699230713 3.46490826167
1.791 27.0907268597 3.45861278379
1.792 27.1115352463 3.45231064365
1.793 27.1323482287 3.44600184457
1.794 27.1531658046 3.4396863899
1.795 27.1739879717 3.43336428295
1.796 27.1948147277 3.42703552705
1.797 27.2156460703 3.42070012554
1.798 27.2364819973 3.41435808172
1.799 27.2573225063 3.40800939893
1.8 27.278167595 3.40165408048
1.801 27.2990172612 3.39529212968
1.802 27.3198715026 3.38892354987
1.803 27.3407303168 3.38254834434
1.804 27.3615937017 3.37616651641
1.805 27.3824616548 3.3697780694
1.806 27.403334174 3.36338300662
1.807 27.4242112569 3.35698133136
1.808 27.4450929013 3.35057304694
1.809 27.4659791048 3.34415815667
1.81 27.4868698653 3.33773666383
1.811 27.5077651803 3.33130857175
1.812 27.5286650478 3.32487388371
1.813 27.5495694652 3.31843260302
1.814 27.5704784305 3.31198473296
1.815 27.5913919413 3.30553027684
1.816 27.6123099953 3.29906923795
1.817 27.6332325903 3.29260161958
1.818 27.654159724 3.28612742502
1.819 27.6750913942 3.27964665755
1.82 27.6960275985 3.27315932047
1.821 27.7169683347 3.26666541706
1.822 27.7379136005 3.2601649506
1.823 27.7588633937 3.25365792437
1.824 27.779817712 3.24714434165
1.825 27.8007765531 3.24062420573
1.826 27.8217399149 3.23409751987
1.827 27.8427077949 3.22756428736
1.828 27.863680191 3.22102451147
1.829 27.8846571009 3.21447819546
1.83 27.9056385224 3.20792534261
1.831 27.9266244531 3.20136595618
1.832 27.9476148909 3.19480003945
1.833 27.9686098334 3.18822759568
1.834 27.9896092785 3.18164862813
1.835 28.0106132239 3.17506314006
1.836 28.0316216673 3.16847113474
1.837 28.0526346064 3.16187261542
1.838 28.0736520391 3.15526758536
1.839 28.0946739631 3.14865604781
1.84 28.1157003761 3.14203800604
1.841 28.1367312759 3.13541346328
1.842 28.1577666603 3.1287824228
1.843 28.178806527 3.12214488783
1.844 28.1998508737 3.11550086164
1.845 28.2208996983 3.10885034745
1.846 28.2419529984 3.10219334853
1.847 28.2630107719 3.0955298681
1.848 28.2840730165 3.08885990941
1.849 28.30513973 3.08218347571
1.85 28.3262109102 3.07550057021
1.851 28.3472865547 3.06881119618
1.852 28.3683666614 3.06211535683
1.853 28.3894512281 3.05541305539
1.854 28.4105402525 3.04870429511
1.855 28.4316337324 3.04198907921
1.856 28.4527316655 3.03526741092
1.857 28.4738340497 3.02853929346
1.858 28.4949408826 3.02180473006
1.859 28.5160521622 3.01506372395
1.86 28.5371678861 3.00831627833
1.861 28.5582880522 3.00156239644
1.862 28.5794126581 2.99480208149
1.863 28.6005417018 2.9880353367
1.864 28.621675181 2.98126216527
1.865 28.6428130934 2.97448257044
1.866 28.6639554368 2.9676965554
1.867 28.6851022091 2.96090412337
1.868 28.706253408 2.95410527756
1.869 28.7274090313 2.94730002117
1.87 28.7485690768 2.9404883574
1.871 28.7697335422 2.93367028947
1.872 28.7909024255 2.92684582057
1.873 28.8120757243 2.92001495391
1.874 28.8332534364 2.91317769268
1.875 28.8544355597 2.90633404008
1.876 28.8756220919 2.89948399931
1.877 28.8968130309 2.89262757356
1.878 28.9180083743 2.88576476602
1.879 28.9392081202 2.87889557988
1.88 28.9604122661 2.87202001834
1.881 28.98162081 2.86513808458
1.882 29.0028337496 2.85824978178
1.883 29.0240510827 2.85135511314
1.884 29.0452728071 2.84445408183
1.885 29.0664989207 2.83754669103
1.886 29.0877294213 2.83063294394
1.887 29.1089643066 2.82371284371
1.888 29.1302035744 2.81678639354
1.889 29.1514472226 2.80985359659
1.89 29.172695249 2.80291445604
1.891 29.1939476514 2.79596897506
1.892 29.2152044276 2.78901715682
1.893 29.2364655753 2.78205900448
1.894 29.2577310926 2.77509452123
1.895 29.279000977 2.76812371022
1.896 29.3002752265 2.76114657461
1.897 29.3215538389 2.75416311757
1.898 29.342836812 2.74717334226
1.899 29.3641241436 2.74017725183
1.9 29.3854158315 2.73317484945
1.901 29.4067118736 2.72616613828
1.902 29.4280122677 2.71915112146
1.903 29.4493170115 2.71212980214
1.904 29.470626103 2.70510218349
1.905 29.49193954 2.69806826864
1.906 29.5132573202 2.69102806076
1.907 29.5345794415 2.68398156297
1.908 29.5559059018 2.67692877844
1.909 29.5772366989 2.6698697103
1.91 29.5985718305 2.66280436169
1.911 29.6199112946 2.65573273576
1.912 29.641255089 2.64865483564
1.913 29.6626032114 2.64157066447
1.914 29.6839556598 2.63448022538
1.915 29.705312432 2.62738352151
1.916 29.7266735258 2.620280556
1.917 29.748038939 2.61317133197
1.918 29.7694086695 2.60605585255
1.919 29.7907827152 2.59893412087
1.92 29.8121610738 2.59180614006
1.921 29.8335437433 2.58467191324
1.922 29.8549307214 2.57753144353
1.923 29.8763220061 2.57038473405
1.924 29.8977175951 2.56323178793
1.925 29.9191174863 2.55607260829
1.926 29.9405216775 2.54890719823
1.927 29.9619301667 2.54173556088
1.928 29.9833429516 2.53455769935
1.929 30.0047600301 2.52737361674
1.93 30.0261814001 2.52018331618
1.931 30.0476070594 2.51298680077
1.932 30.0690370059 2.50578407362
1.933 30.0904712374 2.49857513783
1.934 30.1119097518 2.49135999651
1.935 30.1333525469 2.48413865276
1.936 30.1547996206 2.47691110968
1.937 30.1762509708 2.46967737037
1.938 30.1977065953 2.46243743793
1.939 30.219166492 2.45519131546
1.94 30.2406306588 2.44793900605
1.941 30.2620990934 2.44068051279
1.942 30.2835717939 2.43341583878
1.943 30.305048758 2.42614498711
1.944 30.3265299836 2.41886796087
1.945 30.3480154686 2.41158476313
1.946 30.3695052109 2.404295397
1.947 30.3909992083 2.39699986555
1.948 30.4124974587 2.38969817186
1.949 30.43399996 2.38239031902
1.95 30.45550671 2.37507631011
1.951 30.4770177066 2.3677561482
1.952 30.4985329478 2.36042983638
1.953 30.5200524313 2.35309737771
1.954 30.5415761551 2.34575877526
1.955 30.563104117 2.33841403212
1.956 30.5846363149 2.33106315135
1.957 30.6061727468 2.32370613603
1.958 30.6277134104 2.31634298921
1.959 30.6492583037 2.30897371396
1.96 30.6708074246 2.30159831335
1.961 30.6923607708 2.29421679044
1.962 30.7139183405 2.28682914829
1.963 30.7354801313 2.27943538996
1.964 30.7570461412 2.27203551852
1.965 30.7786163681 2.264629537
1.966 30.80019081 2.25721744848
1.967 30.8217694646 2.24979925601
1.968 30.8433523298 2.24237496263
1.969 30.8649394037 2.23494457139
1.97 30.886530684 2.22750808535
1.971 30.9081261686 2.22006550756
1.972 30.9297258555 2.21261684105
1.973 30.9513297426 2.20516208888
1.974 30.9729378277 2.19770125408
1.975 30.9945501088 2.1902343397
1.976 31.0161665838 2.18276134878
1.977 31.0377872505 2.17528228435
1.978 31.0594121068 2.16779714946
1.979 31.0810411508 2.16030594713
1.98 31.1026743802 2.1528086804
1.981 31.124311793 2.14530535231
1.982 31.1459533871 2.13779596588
1.983 31.1675991604 2.13028052415
1.984 31.1892491109 2.12275903013
1.985 31.2109032363 2.11523148686
1.986 31.2325615347 2.10769789737
1.987 31.2542240039 2.10015826467
1.988 31.2758906419 2.09261259178
1.989 31.2975614466 2.08506088173
1.99 31.3192364159 2.07750313754
1.991 31.3409155477 2.06993936222
1.992 31.3625988399 2.06236955878
1.993 31.3842862905 2.05479373025
1.994 31.4059778973 2.04721187963
1.995 31.4276736584 2.03962400994
1.996 31.4493735715 2.03203012418
1.997 31.4710776348 2.02443022537
1.998 31.4927858459 2.0168243165
1.999 31.514498203 2.00921240059
2.0 31.5362147039 2.00159448064
2.001 31.5579353466 1.99397055965
2.002 31.5796601289 1.98634064061
2.003 31.6013890488 1.97870472654
2.004 31.6231221043 1.97106282042
2.005 31.6448592933 1.96341492526
2.006 31.6666006136 1.95576104405
2.007 31.6883460633 1.94810117977
2.008 31.7100956403 1.94043533543
2.009 31.7318493424 1.93276351401
2.01 31.7536071678 1.9250857185
2.011 31.7753691142 1.91740195189
2.012 31.7971351796 1.90971221716
2.013 31.818905362 1.9020165173
2.014 31.8406796594 1.89431485529
2.015 31.8624580695 1.88660723411
2.016 31.8842405905 1.87889365674
2.017 31.9060272202 1.87117412615
2.018 31.9278179566 1.86344864534
2.019 31.9496127976 1.85571721726
2.02 31.9714117412 1.8479798449
2.021 31.9932147853 1.84023653123
2.022 32.015021928 1.83248727921
2.023 32.036833167 1.82473209182
2.024 32.0586485004 1.81697097202
2.025 32.0804679262 1.80920392278
2.026 32.1022914422 1.80143094706
2.027 32.1241190465 1.79365204784
2.028 32.145950737 1.78586722806
2.029 32.1677865116 1.7780764907
2.03 32.1896263683 1.7702798387
2.031 32.2114703051 1.76247727503
2.032 32.23331832 1.75466880263
2.033 32.2551704108 1.74685442448
2.034 32.2770265756 1.73903414352
2.035 32.2988868123 1.73120796269
2.036 32.3207511189 1.72337588496
2.037 32.3426194934 1.71553791326
2.038 32.3644919336 1.70769405055
2.039 32.3863684377 1.69984429977
2.04 32.4082490034 1.69198866387
2.041 32.4301336289 1.68412714579
2.042 32.4520223121 1.67625974846
2.043 32.473915051 1.66838647484
2.044 32.4958118434 1.66050732785
2.045 32.5177126875 1.65262231043
2.046 32.5396175812 1.64473142552
2.047 32.5615265224 1.63683467606
2.048 32.5834395091 1.62893206496
2.049 32.6053565394 1.62102359518
2.05 32.6272776111 1.61310926963
2.051 32.6492027223 1.60518909124
2.052 32.6711318709 1.59726306294
2.053 32.693065055 1.58933118766
2.054 32.7150022725 1.58139346831
2.055 32.7369435213 1.57344990783
2.056 32.7588887996 1.56550050912
2.057 32.7808381052 1.55754527511
2.058 32.8027914361 1.54958420872
2.059 32.8247487904 1.54161731286
2.06 32.846710166 1.53364459046
2.061 32.8686755609 1.52566604441
2.062 32.8906449731 1.51768167763
2.063 32.9126184007 1.50969149304
2.064 32.9345958415 1.50169549354
2.065 32.9565772935 1.49369368204
2.066 32.9785627549 1.48568606145
2.067 33.0005522235 1.47767263466
2.068 33.0225456974 1.46965340459
2.069 33.0445431746 1.46162837414
2.07 33.066544653 1.4535975462
2.071 33.0885501306 1.44556092367
2.072 33.1105596056 1.43751850946
2.073 33.1325730758 1.42947030645
2.074 33.1545905392 1.42141631755
2.075 33.176611994 1.41335654563
2.076 33.198637438 1.40529099361
2.077 33.2206668692 1.39721966436
2.078 33.2427002858 1.38914256077
2.079 33.2647376857 1.38105968574
2.08 33.2867790668 1.37297104215
2.081 33.3088244273 1.36487663287
2.082 33.3308737651 1.3567764608
2.083 33.3529270782 1.34867052882
2.084 33.3749843647 1.3405588398
2.085 33.3970456225 1.33244139663
2.086 33.4191108497 1.32431820218
2.087 33.4411800442 1.31618925933
2.088 33.4632532042 1.30805457094
2.089 33.4853303276 1.29991413991
2.09 33.5074114125 1.29176796908
2.091 33.5294964567 1.28361606135
2.092 33.5515854585 1.27545841956
2.093 33.5736784158 1.2672950466
2.094 33.5957753266 1.25912594532
2.095 33.6178761889 1.2509511186
2.096 33.6399810008 1.24277056929
2.097 33.6620897603 1.23458430025
2.098 33.6842024654 1.22639231435
2.099 33.7063191142 1.21819461444
2.1 33.7284397047 1.20999120338
2.101 33.7505642348 1.20178208402
2.102 33.7726927027 1.19356725923
2.103 33.7948251063 1.18534673184
2.104 33.8169614438 1.17712050473
2.105 33.8391017131 1.16888858072
2.106 33.8612459122 1.16065096268
2.107 33.8833940392 1.15240765344
2.108 33.9055460922 1.14415865586
2.109 33.9277020692 1.13590397278
2.11 33.9498619681 1.12764360704
2.111 33.9720257872 1.11937756149
2.112 33.9941935243 1.11110583895
2.113 34.0163651775 1.10282844228
2.114 34.0385407449 1.09454537431
2.115 34.0607202245 1.08625663787
2.116 34.0829036144 1.0779622358
2.117 34.1050909126 1.06966217093
2.118 34.1272821172 1.06135644609
2.119 34.1494772261 1.05304506411
2.12 34.1716762375 1.04472802783
2.121 34.1938791494 1.03640534006
2.122 34.2160859598 1.02807700364
2.123 34.2382966668 1.01974302138
2.124 34.2605112685 1.01140339612
2.125 34.2827297629 1.00305813067
2.126 34.304952148 0.994707227852
2.127 34.3271784219 0.986350690485
2.128 34.3494085827 0.977988521388
2.129 34.3716426284 0.969620723374
2.13 34.3938805571 0.96124729926
2.131 34.4161223668 0.952868251857
2.132 34.4383680556 0.944483583979
2.133 34.4606176216 0.936093298434
2.134 34.4828710628 0.927697398032
2.135 34.5051283772 0.91929588558
2.136 34.5273895631 0.910888763885
2.137 34.5496546183 0.90247603575
2.138 34.571923541 0.89405770398
2.139 34.5941963292 0.885633771375
2.14 34.616472981 0.877204240737
2.141 34.6387534945 0.868769114864
2.142 34.6610378678 0.860328396553
2.143 34.6833260989 0.851882088602
2.144 34.7056181858 0.843430193805
2.145 34.7279141267 0.834972714956
2.146 34.7502139197 0.826509654846
2.147 34.7725175627 0.818041016265
2.148 34.7948250539 0.809566802005
2.149 34.8171363914 0.801087014851
2.15 34.8394515732 0.792601657591
2.151 34.8617705974 0.784110733009
2.152 34.8840934621 0.77561424389
2.153 34.9064201654 0.767112193015
2.154 34.9287507053 0.758604583166
2.155 34.9510850799 0.750091417122
2.156 34.9734232874 0.741572697661
2.157 34.9957653258 0.733048427559
2.158 35.0181111931 0.724518609593
2.159 35.0404608875 0.715983246535
2.16 35.0628144071 0.707442341159
2.161 35.0851717499 0.698895896236
2.162 35.107532914 0.690343914535
2.163 35.1298978975 0.681786398825
2.164 35.1522666986 0.673223351873
2.165 35.1746393152 0.664654776444
2.166 35.1970157456 0.656080675303
2.167 35.2193959877 0.647501051213
2.168 35.2417800397 0.638915906935
2.169 35.2641678997 0.630325245229
2.17 35.2865595657 0.621729068853
2.171 35.3089550359 0.613127380566
2.172 35.3313543084 0.604520183123
2.173 35.3537573813 0.595907479279
2.174 35.3761642526 0.587289271787
2.175 35.3985749205 0.578665563398
2.176 35.420989383 0.570036356864
2.177 35.4434076383 0.561401654932
2.178 35.4658296845 0.552761460352
2.179 35.4882555196 0.544115775869
2.18 35.5106851419 0.535464604229
2.181 35.5331185493 0.526807948174
2.182 35.55555574 0.518145810447
2.183 35.5779967122 0.509478193789
2.184 35.6004414638 0.50080510094
2.185 35.6228899931 0.492126534636
2.186 35.6453422981 0.483442497616
2.187 35.6677983769 0.474752992615
2.188 35.6902582277 0.466058022366
2.189 35.7127218486 0.457357589602
2.19 35.7351892377 0.448651697054
2.191 35.7576603931 0.439940347453
2.192 35.7801353129 0.431223543527
2.193 35.8026139952 0.422501288002
2.194 35.8250964382 0.413773583606
2.195 35.84758264 0.405040433061
2.196 35.8700725987 0.396301839092
2.197 35.8925663124 0.38755780442
2.198 35.9150637792 0.378808331765
2.199 35.9375649974 0.370053423846
2.2 35.9600699649 0.361293083381
2.201 35.9825786799 0.352527313087
2.202 36.0050911405 0.343756115678
2.203 36.027607345 0.334979493867
2.204 36.0501272913 0.326197450368
2.205 36.0726509776 0.31740998789
2.206 36.0951784022 0.308617109143
2.207 36.117709563 0.299818816836
2.208 36.1402444582 0.291015113675
2.209 36.1627830859 0.282206002365
2.21 36.1853254444 0.273391485611
2.211 36.2078715317 0.264571566116
2.212 36.2304213459 0.25574624658
2.213 36.2529748852 0.246915529704
2.214 36.2755321478 0.238079418186
2.215 36.2980931317 0.229237914725
2.216 36.3206578352 0.220391022015
2.217 36.3432262562 0.211538742751
2.218 36.3657983931 0.202681079627
2.219 36.3883742439 0.193818035334
2.22 36.4109538068 0.184949612564
2.221 36.4335370799 0.176075814005
2.222 36.4561240613 0.167196642345
2.223 36.4787147493 0.158312100271
2.224 36.5013091419 0.149422190468
2.225 36.5239072374 0.140526915621
2.226 36.5465090338 0.13162627841
2.227 36.5691145292 0.122720281518
2.228 36.591723722 0.113808927625
2.229 36.6143366101 0.104892219408
2.23 36.6369531918 0.0959701595457
2.231 36.6595734652 0.0870427507133
2.232 36.6821974285 0.0781099955852
2.233 36.7048250798 0.0691718968347
2.234 36.7274564172 0.0602284571336
2.235 36.750091439 0.0512796791523
2.236 36.7727301433 0.04232556556
2.237 36.7953725282 0.0333661190245
2.238 36.818018592 0.0244013422123
2.239 36.8406683327 0.0154312377885
2.24 36.8633217485 0.00645580841691
2.241 36.8859788376 -0.00252494324001
