2.241 1.19090534852 -10
2.241 2.08328218574 -9
2.241 2.97565902297 -8
2.241 3.8680358602 -7
2.241 4.76041269743 -6
2.241 5.65278953465 -5
2.241 6.54516637188 -4
2.241 7.43754320911 -3
2.241 8.32992004634 -2
2.241 9.22229688356 -1
2.241 10.1146737208 0
2.241 11.007050558 1
2.241 11.8994273952 2
2.241 12.7918042325 3
2.241 13.6841810697 4
2.241 14.5765579069 5
2.241 15.4689347442 6
2.241 16.3613115814 7
2.241 17.2536884186 8
2.241 18.1460652558 9
2.241 19.0384420931 10
2.241 19.9308189303 11
2.241 20.8231957675 12
2.241 21.7155726048 13
2.241 22.607949442 14
2.241 23.5003262792 15
2.241 24.3927031164 16
2.241 25.2850799537 17
2.241 26.1774567909 18
2.241 27.0698336281 19
2.241 27.9622104653 20
2.241 28.8545873026 21
2.241 29.7469641398 22
2.241 30.639340977 23
2.241 31.5317178143 24
2.241 32.4240946515 25
2.241 33.3164714887 26
2.241 34.2088483259 27
2.241 35.1012251632 28
2.241 35.9936020004 29
2.241 36.8859788376 30
