1 271 271
2 537 266
3 710 173
4 821 111
5 934 113
6 1108 174
7 1130 22
8 1199 69
9 1239 40
10 1306 67
11 1417 111
12 1486 69
13 1486 0
14 1528 42
15 1532 4
16 1602 70
17 1671 69
18 1671 0
19 1671 0
20 1710 39
21 1771 61
22 1793 22
23 1816 23
24 1858 42
25 1897 39
26 2007 110
27 2030 23
28 2070 40
29 2070 0
30 2081 11
31 2092 11
32 2115 23
33 2180 65
34 2180 0
35 2180 0
36 2222 42
37 2222 0
38 2263 41
39 2267 4
40 2277 10
41 2288 11
42 2307 19
43 2318 11
44 2388 70
45 2412 24
46 2435 23
47 2439 4
48 2439 0
49 2462 23
50 2462 0
51 2462 0
52 2462 0
53 2500 38
54 2512 12
55 2533 21
56 2533 0
57 2544 11
58 2544 0
59 2566 22
60 2578 12
61 2590 12
62 2590 0
63 2613 23
64 2654 41
65 2658 4
66 2670 12
67 2693 23
68 2701 8
69 2705 4
70 2709 4
71 2731 22
72 2770 39
73 2781 11
74 2822 41
75 2822 0
76 2822 0
77 2833 11
78 2845 12
79 2845 0
80 2845 0
81 2868 23
82 2868 0
83 2892 24
84 2914 22
85 2918 4
86 2918 0
87 2918 0
88 2929 11
89 2933 4
90 2971 38
91 2974 3
92 2997 23
93 2997 0
94 3020 23
95 3022 2
96 3022 0
97 3046 24
98 3062 16
99 3084 22
100 3084 0
101 3084 0
102 3126 42
103 3143 17
104 3143 0
105 3143 0
106 3146 3
107 3146 0
108 3157 11
109 3161 4
110 3172 11
111 3176 4
112 3179 3
113 3183 4
114 3183 0
115 3186 3
116 3196 10
117 3206 10
118 3210 4
119 3210 0
120 3214 4
121 3254 40
122 3254 0
123 3266 12
124 3266 0
125 3266 0
126 3276 10
127 3287 11
128 3310 23
129 3321 11
130 3329 8
131 3333 4
132 3333 0
133 3336 3
134 3339 3
135 3350 11
136 3361 11
137 3361 0
138 3361 0
139 3373 12
140 3377 4
141 3379 2
142 3379 0
143 3402 23
144 3405 3
145 3417 12
146 3418 1
147 3422 4
148 3422 0
149 3460 38
150 3471 11
151 3471 0
152 3488 17
153 3500 12
154 3504 4
155 3508 4
156 3518 10
157 3530 12
158 3533 3
159 3544 11
160 3548 4
161 3552 4
162 3564 12
163 3564 0
164 3575 11
165 3575 0
166 3586 11
167 3586 0
168 3590 4
169 3594 4
170 3594 0
171 3598 4
172 3598 0
173 3602 4
174 3606 4
175 3610 4
176 3610 0
177 3610 0
178 3622 12
179 3625 3
180 3629 4
181 3629 0
182 3641 12
183 3641 0
184 3661 20
185 3672 11
186 3672 0
187 3672 0
188 3684 12
189 3688 4
190 3699 11
191 3699 0
192 3703 4
193 3703 0
194 3715 12
195 3715 0
196 3715 0
197 3715 0
198 3715 0
199 3726 11
200 3735 9
201 3747 12
202 3747 0
203 3747 0
204 3747 0
205 3747 0
206 3747 0
207 3747 0
208 3758 11
209 3758 0
210 3758 0
211 3767 9
212 3767 0
213 3771 4
214 3779 8
215 3779 0
216 3779 0
217 3779 0
218 3779 0
219 3779 0
220 3779 0
221 3779 0
222 3779 0
223 3783 4
224 3787 4
225 3787 0
226 3791 4
227 3791 0
228 3791 0
229 3791 0
230 3791 0
231 3791 0
232 3794 3
233 3794 0
234 3796 2
235 3796 0
236 3819 23
237 3819 0
238 3823 4
239 3823 0
240 3823 0
241 3826 3
242 3837 11
243 3841 4
244 3863 22
245 3863 0
246 3870 7
247 3870 0
248 3870 0
249 3870 0
250 3872 2
251 3872 0
252 3872 0
253 3872 0
254 3876 4
255 3898 22
256 3898 0
257 3898 0
258 3898 0
259 3909 11
260 3909 0
261 3932 23
262 3932 0
263 3932 0
264 3932 0
265 3932 0
266 3936 4
267 3936 0
268 3936 0
269 3936 0
270 3936 0
271 3936 0
272 3947 11
273 3947 0
274 3947 0
275 3947 0
276 3947 0
277 3947 0
278 3947 0
279 3947 0
280 3950 3
281 3950 0
282 3950 0
283 3950 0
284 3954 4
285 3958 4
286 3958 0
287 3962 4
288 3972 10
289 3972 0
290 3976 4
291 3979 3
292 3979 0
293 3979 0
294 3983 4
295 3983 0
296 3983 0
297 3983 0
298 3987 4
299 3987 0
300 3991 4
301 3993 2
302 3993 0
303 3996 3
304 4008 12
305 4008 0
306 4020 12
307 4020 0
308 4020 0
309 4020 0
310 4042 22
311 4042 0
312 4042 0
313 4042 0
314 4042 0
315 4046 4
316 4046 0
317 4046 0
318 4046 0
319 4046 0
320 4046 0
321 4046 0
322 4046 0
323 4046 0
324 4046 0
325 4046 0
326 4046 0
327 4046 0
328 4046 0
329 4046 0
330 4046 0
331 4046 0
332 4046 0
333 4046 0
334 4046 0
335 4046 0
336 4057 11
337 4057 0
338 4057 0
339 4057 0
340 4057 0
341 4057 0
342 4057 0
343 4057 0
344 4061 4
345 4065 4
346 4065 0
347 4065 0
348 4069 4
349 4069 0
350 4069 0
351 4069 0
352 4076 7
353 4076 0
354 4080 4
355 4080 0
356 4080 0
357 4080 0
358 4080 0
359 4088 8
360 4088 0
361 4088 0
362 4092 4
363 4092 0
364 4096 4
365 4100 4
366 4100 0
367 4100 0
368 4100 0
369 4100 0
370 4103 3
371 4103 0
372 4103 0
373 4103 0
374 4103 0
375 4103 0
376 4103 0
377 4103 0
378 4103 0
379 4103 0
380 4103 0
381 4103 0
382 4107 4
383 4107 0
384 4107 0
385 4107 0
386 4107 0
387 4111 4
388 4111 0
389 4111 0
390 4115 4
391 4115 0
392 4115 0
393 4119 4
394 4119 0
395 4119 0
396 4119 0
397 4121 2
398 4121 0
399 4121 0
400 4125 4
401 4125 0
402 4132 7
403 4132 0
404 4132 0
405 4132 0
406 4132 0
407 4132 0
408 4132 0
409 4132 0
410 4136 4
411 4136 0
412 4136 0
413 4136 0
414 4136 0
415 4136 0
416 4136 0
417 4136 0
418 4140 4
419 4140 0
420 4140 0
421 4140 0
422 4144 4
423 4144 0
424 4144 0
425 4148 4
426 4148 0
427 4148 0
428 4148 0
429 4152 4
430 4164 12
431 4164 0
432 4164 0
433 4164 0
434 4167 3
435 4167 0
436 4167 0
437 4167 0
438 4167 0
439 4167 0
440 4167 0
441 4167 0
442 4167 0
443 4167 0
444 4167 0
445 4167 0
446 4167 0
447 4167 0
448 4167 0
449 4167 0
450 4167 0
451 4167 0
452 4167 0
453 4171 4
454 4174 3
455 4178 4
456 4178 0
457 4178 0
458 4178 0
459 4178 0
460 4182 4
461 4182 0
462 4186 4
463 4186 0
464 4189 3
465 4189 0
466 4189 0
467 4193 4
468 4193 0
469 4193 0
470 4193 0
471 4193 0
472 4193 0
473 4193 0
474 4196 3
475 4196 0
476 4196 0
477 4196 0
478 4196 0
479 4196 0
480 4200 4
481 4200 0
482 4200 0
483 4200 0
484 4200 0
485 4200 0
486 4200 0
487 4200 0
488 4204 4
489 4204 0
490 4207 3
491 4207 0
492 4207 0
493 4207 0
494 4207 0
495 4207 0
496 4207 0
497 4207 0
498 4207 0
499 4211 4
500 4211 0
501 4211 0
502 4211 0
503 4211 0
504 4211 0
505 4211 0
506 4211 0
507 4215 4
508 4215 0
509 4217 2
510 4217 0
511 4217 0
512 4221 4
513 4221 0
514 4221 0
515 4221 0
516 4221 0
517 4225 4
518 4229 4
519 4229 0
520 4229 0
521 4229 0
522 4229 0
523 4229 0
524 4229 0
525 4229 0
526 4229 0
527 4229 0
528 4229 0
529 4229 0
530 4229 0
531 4229 0
532 4229 0
533 4229 0
534 4229 0
535 4229 0
536 4229 0
537 4229 0
538 4229 0
539 4229 0
540 4229 0
541 4229 0
542 4229 0
543 4229 0
544 4229 0
545 4229 0
546 4229 0
547 4229 0
548 4229 0
549 4229 0
550 4229 0
551 4229 0
552 4229 0
553 4229 0
554 4229 0
555 4239 10
556 4239 0
557 4243 4
558 4243 0
559 4243 0
560 4243 0
561 4243 0
562 4243 0
563 4243 0
564 4243 0
565 4243 0
566 4243 0
567 4243 0
568 4243 0
569 4243 0
570 4243 0
571 4243 0
572 4243 0
573 4243 0
574 4247 4
575 4247 0
576 4247 0
577 4247 0
578 4247 0
579 4247 0
580 4249 2
581 4249 0
582 4249 0
583 4249 0
584 4249 0
585 4249 0
586 4249 0
587 4249 0
588 4249 0
589 4249 0
590 4249 0
591 4249 0
592 4249 0
593 4249 0
594 4249 0
595 4249 0
596 4249 0
597 4249 0
598 4261 12
599 4261 0
600 4261 0
601 4261 0
602 4261 0
603 4261 0
604 4261 0
605 4261 0
606 4261 0
607 4261 0
608 4261 0
609 4261 0
610 4261 0
611 4261 0
612 4261 0
613 4261 0
614 4265 4
615 4265 0
616 4265 0
617 4265 0
618 4265 0
619 4265 0
620 4265 0
621 4265 0
622 4265 0
623 4265 0
624 4265 0
625 4265 0
626 4265 0
627 4265 0
628 4265 0
629 4265 0
630 4265 0
631 4265 0
632 4268 3
633 4268 0
634 4268 0
635 4268 0
636 4268 0
637 4268 0
638 4268 0
639 4268 0
640 4268 0
641 4268 0
642 4268 0
643 4268 0
644 4268 0
645 4268 0
646 4272 4
647 4272 0
648 4272 0
649 4272 0
650 4272 0
651 4272 0
652 4272 0
653 4279 7
654 4279 0
655 4279 0
656 4279 0
657 4279 0
658 4279 0
659 4279 0
660 4279 0
661 4279 0
662 4279 0
663 4279 0
664 4279 0
665 4279 0
666 4279 0
667 4279 0
668 4279 0
669 4283 4
670 4283 0
671 4283 0
672 4283 0
673 4283 0
674 4283 0
675 4283 0
676 4283 0
677 4287 4
678 4287 0
679 4287 0
680 4287 0
681 4287 0
682 4287 0
683 4287 0
684 4287 0
685 4287 0
686 4287 0
687 4287 0
688 4287 0
689 4297 10
690 4297 0
691 4297 0
692 4297 0
693 4297 0
694 4297 0
695 4297 0
696 4297 0
697 4297 0
698 4301 4
699 4301 0
700 4301 0
701 4301 0
702 4301 0
703 4301 0
704 4301 0
705 4301 0
706 4301 0
707 4301 0
708 4305 4
709 4309 4
710 4313 4
711 4313 0
712 4313 0
713 4313 0
714 4313 0
715 4313 0
716 4317 4
717 4317 0
718 4317 0
719 4317 0
720 4317 0
721 4317 0
722 4317 0
723 4317 0
724 4317 0
725 4317 0
726 4317 0
727 4317 0
728 4317 0
729 4317 0
730 4317 0
731 4317 0
732 4317 0
733 4317 0
734 4317 0
735 4317 0
736 4317 0
737 4317 0
738 4317 0
739 4317 0
740 4317 0
741 4317 0
742 4317 0
743 4317 0
744 4317 0
745 4317 0
746 4317 0
747 4317 0
748 4317 0
749 4317 0
750 4317 0
751 4317 0
752 4317 0
753 4317 0
754 4317 0
755 4317 0
756 4317 0
757 4317 0
758 4317 0
759 4317 0
760 4317 0
761 4317 0
762 4317 0
763 4317 0
764 4317 0
765 4317 0
766 4317 0
767 4317 0
768 4317 0
769 4317 0
770 4317 0
771 4317 0
772 4317 0
773 4317 0
774 4317 0
775 4317 0
776 4317 0
777 4317 0
778 4317 0
779 4317 0
780 4317 0
781 4317 0
782 4317 0
783 4317 0
784 4317 0
785 4317 0
786 4317 0
787 4317 0
788 4317 0
789 4317 0
790 4317 0
791 4317 0
792 4317 0
793 4317 0
794 4321 4
795 4321 0
796 4321 0
797 4321 0
798 4321 0
799 4321 0
800 4321 0
801 4321 0
802 4321 0
803 4321 0
804 4325 4
805 4325 0
806 4325 0
807 4325 0
808 4325 0
809 4325 0
810 4325 0
811 4325 0
812 4325 0
813 4325 0
814 4325 0
815 4325 0
816 4325 0
817 4325 0
818 4325 0
819 4325 0
820 4325 0
821 4325 0
822 4325 0
823 4325 0
824 4325 0
825 4325 0
826 4325 0
827 4325 0
828 4325 0
829 4325 0
830 4325 0
831 4325 0
832 4325 0
833 4325 0
834 4325 0
835 4325 0
836 4325 0
837 4325 0
838 4325 0
839 4325 0
840 4325 0
841 4325 0
842 4325 0
843 4325 0
844 4325 0
845 4325 0
846 4325 0
847 4325 0
848 4325 0
849 4325 0
850 4325 0
851 4325 0
852 4325 0
853 4325 0
854 4325 0
855 4325 0
856 4325 0
857 4325 0
858 4325 0
859 4325 0
860 4325 0
861 4325 0
862 4329 4
863 4329 0
864 4329 0
865 4329 0
866 4329 0
867 4329 0
868 4329 0
869 4329 0
870 4329 0
871 4329 0
872 4329 0
873 4329 0
874 4329 0
875 4329 0
876 4329 0
877 4329 0
878 4329 0
879 4329 0
880 4329 0
881 4329 0
882 4329 0
883 4329 0
884 4329 0
885 4329 0
886 4329 0
887 4329 0
888 4329 0
889 4329 0
890 4329 0
891 4329 0
892 4329 0
893 4329 0
894 4329 0
895 4329 0
896 4329 0
897 4329 0
898 4329 0
899 4329 0
900 4329 0
901 4329 0
902 4329 0
903 4332 3
904 4332 0
905 4332 0
906 4332 0
907 4332 0
908 4332 0
909 4332 0
910 4332 0
911 4332 0
912 4332 0
913 4332 0
914 4332 0
915 4332 0
916 4332 0
917 4332 0
918 4332 0
919 4332 0
920 4332 0
921 4332 0
922 4332 0
923 4332 0
924 4332 0
925 4332 0
926 4332 0
927 4332 0
928 4332 0
929 4332 0
930 4332 0
931 4332 0
932 4332 0
933 4332 0
934 4332 0
935 4332 0
936 4332 0
937 4332 0
938 4332 0
939 4332 0
940 4332 0
941 4332 0
942 4332 0
943 4332 0
944 4332 0
945 4332 0
946 4332 0
947 4332 0
948 4332 0
949 4332 0
950 4332 0
951 4332 0
952 4332 0
953 4332 0
954 4332 0
955 4332 0
956 4332 0
957 4332 0
958 4332 0
959 4332 0
960 4332 0
961 4332 0
962 4332 0
963 4332 0
964 4332 0
965 4332 0
966 4336 4
967 4336 0
968 4336 0
969 4336 0
970 4336 0
971 4336 0
972 4336 0
973 4336 0
974 4336 0
975 4336 0
976 4336 0
977 4336 0
978 4336 0
979 4336 0
980 4336 0
981 4336 0
982 4336 0
983 4336 0
984 4336 0
985 4336 0
986 4336 0
987 4336 0
988 4336 0
989 4336 0
990 4336 0
991 4336 0
992 4336 0
993 4336 0
994 4336 0
995 4336 0
996 4336 0
997 4336 0
998 4336 0
999 4336 0
1000 4336 0
