AL
-87.359281 35.001823
-87.349251 35.001662
-87.349251 35.001662
-87.299185 35.000915
-87.270014 35.00039
-87.230544 34.999484
-87.2232065674 34.9993061357
-87.2197645603 34.9992226991
-87.2197645603 34.9992226991
-87.216683 34.999148
-87.2146450888 34.9991053428
-87.210759 34.999024
-87.1627519722 34.9980950567
-87.1396198335 34.9976474463
-87.1256417521 34.9973769684
-87.1225666673 34.997317465
-87.1204562287 34.9972766277
-87.0945605646 34.9967755427
-87.0900606585 34.9966884688
-87.0301197995 34.9955286041
-87.011174 34.995162
-87.000007 34.995121
-86.9887928035 34.9948546108
-86.974412 34.994513
-86.972613 34.99461
-86.970236 34.994546
-86.96712 34.9944
-86.9375382528 34.9937112725
-86.9273437576 34.9934739225
-86.8997461535 34.9928313902
-86.8791676784 34.9923522785
-86.879166006 34.9923522395
-86.862147 34.991956
-86.8615372284 34.9919544204
-86.8573738963 34.9919436354
-86.8573738963 34.9919436354
-86.849794 34.991924
-86.846466 34.99186
-86.83637 34.991764
-86.83637 34.991764
-86.820657 34.991764
-86.8193930579 34.9917694985
-86.8193930579 34.9917694985
-86.8164806118 34.9917821685
-86.783648 34.991925
-86.783648 34.991925
-86.728803278 34.9920000008
-86.7218159966 34.992009556
-86.677616 34.99207
-86.676726 34.99207
-86.67436 34.992001
-86.670853 34.992
-86.65961 34.991792
-86.641212 34.99174
-86.641212 34.99174
-86.600039 34.99124
-86.588962 34.991197
-86.571217 34.991011
-86.555864 34.990971
-86.5552144972 34.9909640255
-86.528485 34.990677
-86.5234313783 34.9906782491
-86.5233952911 34.990678258
-86.5233952911 34.990678258
-86.4874938482 34.9906871318
-86.4731687962 34.9906906725
-86.4731687962 34.9906906725
-86.467798 34.990692
-86.433927 34.991085
-86.4284083953 34.9911714066
-86.397203 34.99166
-86.3777157595 34.9915325479
-86.3212578263 34.9911632971
-86.3187602533 34.9911469622
-86.311274 34.991098
-86.2535286597 34.9907470165
-86.2055423301 34.9904553495
-86.1795389192 34.9902972975
-86.1530464892 34.9901362732
-86.1523716109 34.9901321712
-86.0729557346 34.9896494714
-86.06708719 34.9896138016
-86.0670628392 34.9896136536
-86.0613539125 34.9895789541
-85.9309576122 34.9887863888
-85.9043793298 34.9886248427
-85.8980777865 34.9885865411
-85.863935603 34.9883790206
-85.8609953836 34.9883611496
-85.828724 34.988165
-85.824411 34.988142
-85.8225653602 34.9881128396
-85.8086427762 34.9878928683
-85.8079774869 34.987882357
-85.8075821975 34.9878761116
-85.7969655019 34.987708372
-85.7695570698 34.9872753296
-85.7323754045 34.986687874
-85.7266643573 34.9865976417
-85.7266553896 34.9865975001
-85.7221527387 34.98652636
-85.7020975866 34.9862094965
-85.7020876677 34.9862093398
-85.7003321575 34.9861816034
-85.7003269703 34.9861815215
-85.6954281158 34.9861041215
-85.6947007824 34.9860926299
-85.6127712305 34.9847981754
-85.611417905 34.9847767934
-85.6113285798 34.9847753821
-85.605165 34.984678
-85.605165 34.984678
-85.599385 34.951766
-85.5992410637 34.9501333714
-85.5992410308 34.950132998
-85.598781 34.944915
-85.5971707381 34.9356822336
-85.5965577582 34.9321675879
-85.595191 34.924331
-85.595163 34.924171
-85.5890787898 34.8918717311
-85.583145 34.860371
-85.583145 34.860371
-85.5759766606 34.8239859622
-85.5744028084 34.8159974073
-85.5744028084 34.8159974073
-85.5687338911 34.7872231322
-85.561416 34.750079
-85.5573469308 34.7310599503
-85.557242788 34.7305731811
-85.552482 34.708321
-85.552454 34.708138
-85.5522254412 34.707088779
-85.5458893241 34.6780022235
-85.54250088 34.6624472451
-85.5420133556 34.660209217
-85.541267 34.656783
-85.541264 34.656701
-85.534327 34.625082
-85.5340924965 34.6238740048
-85.5340893234 34.6238576594
-85.527261 34.588683
-85.517074 34.542598
-85.5146553198 34.5292075588
-85.51393 34.525192
-85.513709 34.52417
-85.512108 34.518252
-85.508384 34.501212
-85.5066340871 34.4933373922
-85.5049098275 34.4855782238
-85.502454 34.474527
-85.502316 34.473954
-85.4949812878 34.4404142529
-85.4845630507 34.392774341
-85.4845587993 34.3927549007
-85.481887143 34.3805381056
-85.4743690858 34.3461599687
-85.4743353864 34.34600587
-85.4740130206 34.3445317743
-85.4740126726 34.3445301828
-85.47045 34.328239
-85.4676771048 34.3143705144
-85.4631309257 34.2916330455
-85.4620817718 34.2863857588
-85.458693 34.269437
-85.458071 34.265736
-85.455371 34.252854
-85.455057 34.250689
-85.444715383 34.1999274921
-85.4447152049 34.1999266177
-85.4427300836 34.1901827114
-85.4408637507 34.1810218739
-85.4342793273 34.1487024346
-85.4328962186 34.1419134884
-85.42947 34.125096
-85.428222 34.114397
-85.4278886664 34.1126398438
-85.4218528033 34.0808220068
-85.420232 34.072278
-85.4124222196 34.0317556421
-85.4068381886 34.0027819589
-85.406748 34.002314
-85.4062278386 34.000926485
-85.405918 34.0001
-85.3993246364 33.9666061599
-85.398837 33.964129
-85.386473368 33.9017178058
-85.3855415542 33.8970140417
-85.3816284047 33.8772605958
-85.377426 33.856047
-85.3764363135 33.8508326946
-85.3764355419 33.8508286295
-85.3736499288 33.836152228
-85.3718557247 33.8266992061
-85.3651129836 33.7911741087
-85.3645846343 33.7883904243
-85.361844 33.773951
-85.360491 33.767958
-85.357402 33.750104
-85.3570370807 33.7482607654
-85.355294133 33.7394570051
-85.3527093732 33.7264011888
-85.3440814435 33.6828208667
-85.3435902264 33.6803396922
-85.3413187325 33.6688662051
-85.3382006058 33.6531163127
-85.3320231701 33.62191362
-85.3310251093 33.6168723396
-85.3237449751 33.5800998341
-85.3225583515 33.5741061086
-85.3153480553 33.5376863601
-85.3153480516 33.5376863414
-85.314994 33.535898
-85.3148418597 33.5349410155
-85.314091 33.530218
-85.313999 33.529807
-85.304439 33.482884
-85.2962916617 33.4405076881
-85.296285982 33.4404781466
-85.2947621953 33.4325525564
-85.2939058529 33.428098509
-85.284556652 33.3794710136
-85.2814999073 33.3635721322
-85.2736879017 33.3229399678
-85.2626868996 33.2657210478
-85.2579482987 33.2410744182
-85.2558123687 33.2299649201
-85.2521511596 33.2109220705
-85.2521473878 33.2109024523
-85.2428721061 33.162659429
-85.2388215728 33.1415916081
-85.2374997174 33.134716313
-85.2365088593 33.1295626163
-85.232378 33.108077
-85.232378 33.108077
-85.223261 33.06258
-85.223261 33.06258
-85.221868 33.055538
-85.2108925259 33.0006023183
-85.2102002913 32.9971374675
-85.2041206128 32.966706774
-85.2025458963 32.9588248255
-85.1960627516 32.9263746577
-85.1933631441 32.9128622776
-85.1933339801 32.9127163027
-85.1907885147 32.8999754515
-85.1889753799 32.8909001449
-85.188741 32.889727
-85.1870603485 32.8816618889
-85.1868133944 32.8804768058
-85.1863066037 32.8780448184
-85.1857651685 32.8754465788
-85.1854712154 32.8740359567
-85.185102354 32.8722658643
-85.1850859483 32.8721871368
-85.18474 32.870527
-85.184131 32.870525
-85.184131 32.870525
-85.1846511896 32.8694746554
-85.184700713 32.86937466
-85.184914 32.868944
-85.1848884238 32.863446106
-85.184888 32.863355
-85.1844 32.861317
-85.1841531572 32.8610211994
-85.1810200391 32.8572666723
-85.1800127615 32.8560596158
-85.1794897769 32.8554329047
-85.179353 32.855269
-85.1790158093 32.8550608688
-85.1789485775 32.85501937
-85.178809962 32.8549338095
-85.1785344745 32.8547637646
-85.1785329623 32.8547628312
-85.1783769658 32.8546665422
-85.1782351753 32.8545790219
-85.177127 32.853895
-85.1759770151 32.8536662466
-85.1745311611 32.8533786393
-85.1725135593 32.8529773008
-85.170099 32.852497
-85.1677102567 32.8524191631
-85.1655687448 32.8520896948
-85.1634272394 32.851430771
-85.1616151895 32.8499481894
-85.1613100582 32.8493989498
-85.160791538 32.8484656077
-85.1604620697 32.8471477538
-85.1602797136 32.8462359536
-85.1602311674 32.8459932178
-85.1601326142 32.8455004412
-85.1596384182 32.8440178596
-85.1594736841 32.8425352747
-85.1593089563 32.8413821549
-85.1594736841 32.8397348423
-85.16058 32.838249
-85.1642081693 32.8351671505
-85.164651 32.834791
-85.1650971381 32.834032529
-85.1652008137 32.833856272
-85.1654403727 32.8334490022
-85.1657663494 32.8328948154
-85.167934691 32.8292084584
-85.1679896018 32.8291151055
-85.168342 32.828516
-85.1684436266 32.8237139732
-85.168443834 32.8237041758
-85.1685873803 32.8169213753
-85.168644 32.814246
-85.1680427863 32.8119997633
-85.1680000459 32.8118400778
-85.1679784478 32.8117593836
-85.1679763424 32.8117515177
-85.1679752407 32.8117474013
-85.167939 32.811612
-85.1638459852 32.806409314
-85.162137 32.804237
-85.1533873762 32.7955652533
-85.1528688806 32.7950513727
-85.1523058793 32.7944933824
-85.151913 32.794104
-85.1508395244 32.7933233755
-85.1462313364 32.7899723309
-85.1455912466 32.7895068618
-85.1430881004 32.78768659
-85.139285 32.784921
-85.1346763981 32.7821659785
-85.1332754618 32.7806093798
-85.1321858379 32.7788971249
-85.1320301756 32.7767178892
-85.1326528187 32.7746943097
-85.1331197995 32.7734490356
-85.1338980988 32.7723594117
-85.1352219819 32.7708797748
-85.1365443093 32.7694018766
-85.1384122295 32.7645764304
-85.1388792103 32.7600622967
-85.138100911 32.7538359081
-85.1360773345 32.7496330959
-85.1322407245 32.7465638109
-85.1321858379 32.7465199016
-85.1272047294 32.7437180258
-85.124682493 32.7420785705
-85.1240915381 32.7416944494
-85.1216009838 32.7393595544
-85.1202000414 32.7376472995
-85.1197330666 32.7360907008
-85.1195774044 32.7342227821
-85.1195774044 32.7315765671
-85.1194217421 32.7293973314
-85.1197330666 32.7264397963
-85.120838 32.722932
-85.1210135467 32.7222663086
-85.1213112254 32.7211374795
-85.1215382523 32.7202765697
-85.122738 32.715727
-85.1223178053 32.7139806235
-85.117037 32.692033
-85.1153450752 32.6873257709
-85.1150143837 32.6864057296
-85.114737 32.685634
-85.112637 32.683434
-85.1112346755 32.6828143682
-85.104037 32.679634
-85.1030344588 32.6786888368
-85.1028701039 32.6785338885
-85.093536 32.669734
-85.088483 32.657758
-85.0894848411 32.656060547
-85.0895480882 32.6559533853
-85.0895508052 32.6559487818
-85.089736 32.655635
-85.0945702607 32.6524428536
-85.0960049448 32.6499834015
-85.0979520138 32.6454743973
-85.0980418969 32.644665447
-85.0982594448 32.6427075102
-85.0966198088 32.6381985081
-85.0920083296 32.636456395
-85.0889340115 32.635431621
-85.0887580835 32.6353216661
-85.0872943755 32.634406849
-85.0861671225 32.6331771209
-85.0860646474 32.6314350059
-85.0866047324 32.6300111442
-85.0868826222 32.629278525
-85.087020376 32.6289153556
-85.0871918965 32.6284631648
-85.0886265785 32.6266185727
-85.0887290536 32.6247739807
-85.0886373234 32.6243841265
-85.0883191455 32.6230318666
-85.0872943755 32.6204699336
-85.0864264284 32.6196021847
-85.0861683411 32.6193441564
-85.08536 32.618536
-85.0842743849 32.6180778505
-85.083616 32.6178
-85.08224 32.616264
-85.080768 32.610152
-85.080616161 32.6080721225
-85.080288 32.603577
-85.0790668768 32.6007786842
-85.0764895113 32.5948724148
-85.076399 32.594665
-85.0755221386 32.5931693697
-85.0749012057 32.5921102671
-85.067535 32.579546
-85.056926 32.571242
-85.035726 32.553963
-85.0345624803 32.5529911261
-85.022509 32.542923
-85.022501801 32.5428783318
-85.0224372719 32.5424779459
-85.0222227684 32.541147007
-85.022045 32.540044
-85.0214261136 32.5382311557
-85.020237 32.534748
-85.0197729593 32.5340862814
-85.0177006479 32.5311311802
-85.0160204509 32.5287352314
-85.015805 32.528428
-85.0141197775 32.5264896181
-85.013788 32.526108
-85.008396 32.524876
-85.0071 32.523868
-85.0028855677 32.5169597522
-85.001532 32.514741
-85.0012732933 32.5131583239
-85.0012105455 32.5127744545
-85.0008355316 32.5104802522
-85.0008355316 32.5104802522
-85.0007390933 32.5098902768
-85.0002446871 32.5068656743
-85.0002011157 32.5065991198
-84.999832 32.504341
-84.9991833739 32.4996060291
-84.998832 32.497041
-84.998332 32.494142
-84.996732 32.492342
-84.9957121409 32.4889621408
-84.994831 32.486042
-84.9949485306 32.4828686751
-84.9949940012 32.4816409686
-84.9951567415 32.4772469788
-84.9951567702 32.4772462036
-84.995231 32.475242
-84.9967865556 32.472442
-84.998231 32.469842
-84.9981077779 32.4648521208
-84.9980775817 32.4636293269
-84.9980729635 32.4634423108
-84.998031 32.461743
-84.995331 32.453243
-84.993531 32.450743
-84.983831 32.445643
-84.971831 32.442843
-84.967031 32.435343
-84.96303 32.424244
-84.96343 32.422544
-84.97183 32.416244
-84.979431 32.412244
-84.9803047143 32.4073114714
-84.981098 32.402833
-84.979898 32.400097
-84.9775204949 32.3968695675
-84.9767665692 32.3926476208
-84.9781670614 32.3905002023
-84.9790283288 32.389179594
-84.9799578885 32.3867007695
-84.9803853823 32.3855607867
-84.9800838155 32.3822435403
-84.9797029723 32.3806440008
-84.9793298956 32.3790770803
-84.9787267621 32.3762121871
-84.9796462588 32.3742710255
-84.9797285321 32.3740973372
-84.9798613726 32.3738168959
-84.9800838155 32.3733472938
-84.9829487088 32.3713871039
-84.9835518423 32.3683714272
-84.9833396262 32.3661458409
-84.983242 32.365122
-84.983466 32.363186
-84.9837699432 32.3628071723
-84.985078851 32.3611757799
-84.9863008355 32.3596527267
-84.986778 32.359058
-84.9877155864 32.3583280055
-84.9887042607 32.3575582345
-84.9915799359 32.3553192651
-84.9972976957 32.3508674798
-84.9977789443 32.3504927849
-85.004582 32.345196
-85.008096 32.336677
-85.0073117645 32.3301101138
-85.0072999126 32.3300108704
-85.007103 32.328362
-85.0067146416 32.3278906076
-85.0019172619 32.3220675117
-85.001874 32.322015
-85.0016955256 32.3219760273
-84.9990548813 32.3213994012
-84.989514 32.319316
-84.9574391841 32.3075748784
-84.9556146451 32.3069069982
-84.9553337282 32.3068041674
-84.9490689417 32.3045109159
-84.93868 32.300708
-84.9338 32.29826
-84.922872 32.285333
-84.911127 32.276949
-84.904023 32.273749
-84.893959 32.265846
-84.8932664789 32.265045447
-84.8918414142 32.2633980752
-84.8908943031 32.2615038439
-84.8911147905 32.2597399705
-84.8911310855 32.2596096126
-84.8923149697 32.258188946
-84.8933033027 32.2579517451
-84.8982344277 32.2567682702
-84.9015493348 32.2555843859
-84.9024964551 32.253216599
-84.904087 32.250838
-84.9051039397 32.2502589273
-84.9052952327 32.25015
-84.9055124914 32.2500262871
-84.907227 32.24905
-84.9100976735 32.2483326409
-84.912488163 32.2474633722
-84.9132487734 32.2452902004
-84.912727 32.24335
-84.916327 32.236551
-84.920627 32.233951
-84.922627 32.231751
-84.923032 32.230851
-84.923527 32.229751
-84.9234342165 32.2289778041
-84.922927 32.224751
-84.925427 32.221551
-84.928227 32.219851
-84.9291508532 32.2194620092
-84.9297094868 32.219226795
-84.930127 32.219051
-84.939328 32.217951
-84.942059266 32.2179222203
-84.9489946511 32.2178491413
-84.9537269133 32.2171480674
-84.9570570209 32.2167098945
-84.9589849809 32.215570641
-84.9594603569 32.215220365
-84.9606500364 32.2143437617
-84.962227456 32.2125034377
-84.9633667044 32.2110136507
-84.9645935871 32.209786768
-84.9657328355 32.2088227897
-84.9663462769 32.2080340782
-84.966784448 32.2068948298
-84.9670473524 32.2058432156
-84.966928 32.204451
-84.9663462769 32.2026883747
-84.9650317583 32.2005851463
-84.9649441257 32.1989200908
-84.9650317583 32.1966415956
-84.966828 32.193952
-84.973728 32.191552
-84.995929 32.184852
-85.008531 32.181903
-85.011267 32.180493
-85.013065 32.179112
-85.014648 32.176882
-85.026583 32.166104
-85.030336 32.161727
-85.033911605 32.1564619632
-85.033989 32.156348
-85.045593 32.143758
-85.047865 32.142033
-85.0494104552 32.1411789103
-85.058749 32.136018
-85.061144 32.134065
-85.0614346208 32.1335640281
-85.06206 32.132486
-85.0615847839 32.1299152638
-85.06154 32.129673
-85.05918 32.125153
-85.055045 32.113671
-85.053777 32.107684
-85.04955 32.095362
-85.0470633646 32.0904332813
-85.0470633646 32.0873888707
-85.0477398991 32.0849082479
-85.051161 32.082527
-85.053232 32.080604
-85.055813 32.074439
-85.055491 32.072657
-85.054084 32.07021
-85.054084 32.07021
-85.054179 32.067985
-85.056029 32.063055
-85.05683 32.059755
-85.05643 32.058055
-85.05663 32.054155
-85.05883 32.046656
-85.05803 32.043756
-85.0553331665 32.0405797153
-85.0548386337 32.0388135275
-85.0546266903 32.0366941016
-85.0551745982 32.0350960392
-85.0554744625 32.0342214362
-85.0564635281 32.0318194196
-85.056253 32.028336
-85.055217 32.027213
-85.0547344482 32.0266488637
-85.0537789207 32.0255317865
-85.0532137392 32.0241894828
-85.0530724445 32.0231297691
-85.0531062599 32.0227577993
-85.0532137392 32.0215755234
-85.053669 32.020662
-85.0547679863 32.0174073172
-85.053815 32.013502
-85.055075 32.010714
-85.063441 32.00414
-85.064544 32.002489
-85.0669378325 31.9962180652
-85.06803 31.993357
-85.0680742953 31.9923825034
-85.0680981818 31.991857
-85.0680981818 31.991857
-85.06833 31.986757
-85.07093 31.981658
-85.06993 31.978358
-85.066829 31.974758
-85.065929 31.972458
-85.065929 31.971158
-85.067829 31.967358
-85.07023 31.965658
-85.07393 31.964158
-85.08323 31.962458
-85.08573 31.960758
-85.08673 31.959158
-85.08683 31.957758
-85.08243 31.945358
-85.0823486185 31.9452673411
-85.07893 31.941459
-85.07893 31.940159
-85.08473 31.937359
-85.08643 31.935959
-85.09183 31.928859
-85.09823 31.926259
-85.09953 31.925259
-85.10023 31.924059
-85.10133 31.918659
-85.10243 31.917359
-85.10913 31.914359
-85.113131 31.911859
-85.112731 31.909859
-85.10983 31.90806
-85.10803 31.90516
-85.11133 31.89936
-85.11063 31.89686
-85.1108943994 31.8964634009
-85.110962651 31.8963610235
-85.1112012645 31.8960031032
-85.11203 31.89476
-85.1128154015 31.8942104937
-85.1135964928 31.893664003
-85.114031 31.89336
-85.1145068621 31.8932806897
-85.115831 31.89306
-85.117031 31.89286
-85.119081 31.89306
-85.121131 31.89326
-85.132931 31.89306
-85.134131 31.89216
-85.1343247143 31.891482
-85.1343247211 31.8914819761
-85.1343248515 31.8914815196
-85.134331 31.89146
-85.133731 31.88956
-85.131631 31.88676
-85.1300388644 31.8837833987
-85.1298165383 31.8833677455
-85.129683453 31.8831189339
-85.129331 31.88246
-85.128431 31.87966
-85.128431 31.87756
-85.1284746673 31.8774289981
-85.1284801145 31.8774126564
-85.1287173636 31.8767009091
-85.1287898166 31.8764835502
-85.128831 31.87636
-85.133731 31.870061
-85.135831 31.862461
-85.137431 31.860661
-85.140131 31.858761
-85.140731 31.857461
-85.140231 31.855261
-85.138031 31.851262
-85.137731 31.845861
-85.138331 31.844161
-85.1410322987 31.841369658
-85.141331 31.841061
-85.1414803506 31.8405233377
-85.1417317353 31.8396183529
-85.141831 31.839261
-85.1405885221 31.8368238319
-85.1395203104 31.8347284935
-85.139231 31.834161
-85.1387443922 31.8336155569
-85.135931 31.830462
-85.133631 31.826062
-85.131593719 31.8185329179
-85.131331 31.817562
-85.1313788238 31.8164859656
-85.1314801143 31.8142069275
-85.1314806259 31.8141954165
-85.131531 31.813062
-85.1323378563 31.8101803704
-85.132931 31.808062
-85.132847405 31.8003712616
-85.132831 31.798862
-85.1325583517 31.7971806686
-85.132231 31.795162
-85.1324581182 31.7942538516
-85.132931 31.792363
-85.137131 31.788363
-85.1417621009 31.7821881988
-85.1418362158 31.782089379
-85.141931 31.781963
-85.1414831633 31.781276317
-85.140950937 31.7804602367
-85.1407600189 31.7801674956
-85.140431 31.779663
-85.133682157 31.7745143981
-85.130731 31.772263
-85.12633 31.768863
-85.1260664341 31.7684317104
-85.12523 31.767063
-85.12563 31.764463
-85.1269485344 31.7623392845
-85.1291147974 31.7588501633
-85.129231 31.758663
-85.1290748401 31.758290762
-85.1278488319 31.7553683278
-85.12663 31.752463
-85.12393 31.747564
-85.11893 31.732664
-85.11913 31.730964
-85.12223 31.722764
-85.1248665639 31.7198261145
-85.12573 31.718864
-85.125782459 31.7187262951
-85.12653 31.716764
-85.1268116617 31.7094417358
-85.1268138829 31.7093839921
-85.12683 31.708965
-85.1261360634 31.7014918369
-85.1258234043 31.698124739
-85.1255727593 31.6954254842
-85.12553 31.694965
-85.1252284293 31.6946163089
-85.12233 31.691265
-85.11393 31.686865
-85.11263 31.685165
-85.10943 31.677465
-85.0928003243 31.6603482013
-85.092429 31.659966
-85.0915047991 31.6595440822
-85.0885141064 31.658178766
-85.0883754752 31.6581154778
-85.087829 31.657866
-85.085460365 31.6570281824
-85.0835452061 31.6560706066
-85.0820130793 31.6547299969
-85.080959746 31.6531021088
-85.0808639866 31.6523360482
-85.081429 31.650966
-85.0815677523 31.6507860446
-85.0825876285 31.6494633117
-85.0829706652 31.6486688655
-85.0851730904 31.6441008746
-85.0853646074 31.6421857157
-85.0851730904 31.6407493483
-85.0845027855 31.6390257064
-85.082829 31.637967
-85.080029 31.636867
-85.073829 31.629567
-85.067628 31.625267
-85.065236 31.624351
-85.059534 31.621717
-85.058169 31.620227
-85.0579483115 31.6197187189
-85.0579293194 31.619674977
-85.0579293188 31.6196749756
-85.057909097 31.6196284017
-85.0579041978 31.6196171179
-85.057473 31.618624
-85.0575059087 31.6175630006
-85.0575178658 31.6171774922
-85.057527 31.616883
-85.05833 31.614546
-85.060418 31.611271
-85.060552 31.608224
-85.059696 31.607262
-85.057314 31.606713
-85.0571470223 31.6065214374
-85.0561710047 31.6054017161
-85.055976 31.605178
-85.0560234923 31.6047113796
-85.0560378734 31.6045700831
-85.0560383538 31.6045653633
-85.0560929552 31.6040288943
-85.0561320515 31.6036447663
-85.056405 31.600963
-85.0568306133 31.5990597293
-85.058109 31.593343
-85.0583388944 31.5866385556
-85.05844 31.58369
-85.0582934506 31.5834479002
-85.0568860223 31.5811228268
-85.0558579132 31.5794243891
-85.055417 31.578696
-85.0553407931 31.577776933
-85.0553090119 31.5773936478
-85.055284 31.577092
-85.0553623193 31.5769623791
-85.057719 31.573062
-85.0577581937 31.5727006373
-85.0578889442 31.5714951288
-85.05796 31.57084
-85.0577794771 31.5705546237
-85.052931 31.56289
-85.051873 31.557871
-85.050838 31.555551
-85.045698 31.548707
-85.042547 31.545953
-85.041881 31.544684
-85.0416889079 31.5434510754
-85.0414289332 31.5417824531
-85.041305 31.540987
-85.041813 31.537754
-85.042983 31.5352
-85.043675193 31.5341272898
-85.047196 31.528671
-85.0473236095 31.5283529927
-85.048263 31.526012
-85.047649 31.523751
-85.044556 31.520908
-85.0449553489 31.5184208919
-85.044986 31.51823
-85.0454884626 31.5171446502
-85.0454956901 31.5171290384
-85.0454964858 31.5171273195
-85.0454965409 31.5171272006
-85.045642 31.516813
-85.0479277149 31.5142614474
-85.0481892647 31.5139694783
-85.048445 31.513684
-85.052951 31.506518
-85.058923 31.495989
-85.062105 31.488017
-85.065687 31.484122
-85.071621 31.468384
-85.069268 31.453472
-85.066703 31.447286
-85.065955 31.442979
-85.065554 31.439543
-85.0657712522 31.4334809203
-85.065875 31.430586
-85.06697 31.428594
-85.0683849672 31.4274420946
-85.0685098305 31.4273404451
-85.068546 31.427311
-85.0704129871 31.4269206282
-85.0728982337 31.4264768336
-85.0747621687 31.4248791743
-85.0758272784 31.4215063386
-85.076746 31.415971
-85.079818 31.411732
-85.079978 31.410472
-85.0798765425 31.4101733054
-85.079060908 31.4077720472
-85.077387 31.402844
-85.077626 31.39888
-85.078641 31.39636
-85.080403 31.393932
-85.082431 31.38454
-85.08691 31.374474
-85.0869580642 31.3743835037
-85.0870313559 31.3742455083
-85.0871461222 31.3740294237
-85.0882294531 31.3719897036
-85.092167 31.364576
-85.092487 31.362881
-85.0925266593 31.3612564727
-85.0925900076 31.3586615905
-85.092619 31.357474
-85.092537071 31.3572496847
-85.091791 31.355207
-85.09099 31.354428
-85.0877973482 31.354428
-85.087413 31.354428
-85.0867668428 31.353873904
-85.0860489333 31.3532582786
-85.085918 31.353146
-85.085864 31.35019
-85.0859515043 31.3494694581
-85.087063 31.340317
-85.08781 31.337981
-85.089411 31.336033
-85.088983 31.334292
-85.084152 31.328313
-85.083776 31.31821
-85.084469 31.316194
-85.087404 31.311223
-85.087651 31.308677
-85.087651 31.308677
-85.087695 31.304053
-85.0880449445 31.302533544
-85.089774 31.295026
-85.0924306765 31.2908377723
-85.0925182043 31.2906997854
-85.09316 31.289688
-85.0958441464 31.2871952237
-85.0960107549 31.2870404939
-85.0962475794 31.2868205541
-85.099107 31.284165
-85.0994625114 31.284087817
-85.0996408265 31.2840491041
-85.0996408265 31.2840491041
-85.1071247713 31.2824243091
-85.1090035191 31.2820164252
-85.110309 31.281733
-85.1113995529 31.2809789936
-85.1122671326 31.2803791505
-85.112762 31.280037
-85.1129307427 31.2797888868
-85.114601 31.277333
-85.114548 31.276302
-85.112546 31.274378
-85.111905 31.272477
-85.111983 31.267987
-85.113261 31.264343
-85.112352 31.25958
-85.1118833502 31.2584409106
-85.1118490358 31.2583575068
-85.111711 31.258022
-85.109149 31.254609
-85.106182 31.248077
-85.10426 31.241869
-85.102472 31.23786
-85.100765 31.234813
-85.1005821658 31.2345951408
-85.0990082797 31.2327197503
-85.098844 31.232524
-85.096763 31.225651
-85.098707 31.219511
-85.098704 31.211286
-85.09977 31.209751
-85.105631 31.204595
-85.106963 31.202693
-85.108133 31.195637
-85.107748126 31.1899069307
-85.1076338014 31.1882048465
-85.1075595949 31.1871000483
-85.107516 31.186451
-85.1073268736 31.1862370426
-85.1072178226 31.1861136739
-85.1066891475 31.1855155874
-85.106503 31.185305
-85.1050963157 31.1855384325
-85.104424 31.18565
-85.1041695149 31.185551725
-85.102052 31.184734
-85.098507 31.180153
-85.098426 31.17777
-85.100447 31.166727
-85.1004205476 31.1665906601
-85.1002376803 31.1656481315
-85.100207 31.16549
-85.0999877398 31.1653493389
-85.092106 31.160293
-85.083582 31.15963
-85.0828112744 31.1593978891
-85.082314071 31.1592481518
-85.077801 31.157889
-85.076628 31.156927
-85.0751110015 31.1549864561
-85.0721312547 31.151174765
-85.070181 31.14868
-85.064028 31.142495
-85.06243 31.139518
-85.061072 31.134225
-85.055829935 31.1232351071
-85.0555648506 31.1226793624
-85.0555628889 31.1226752498
-85.054677 31.120818
-85.0532630778 31.1197798218
-85.052867 31.119489
-85.050178 31.118916
-85.0470564608 31.1165476351
-85.040513 31.111583
-85.037079 31.109751
-85.0366714937 31.1093170503
-85.0360020213 31.1086041354
-85.035615 31.108192
-85.032832 31.10057
-85.029736 31.096163
-85.026068 31.08418
-85.028333 31.076851
-85.0284158667 31.0760679097
-85.0284735912 31.0755224135
-85.0285147161 31.075133783
-85.028573 31.074583
-85.0283932894 31.0743187349
-85.018148 31.059253
-85.0129597449 31.0556242368
-85.012642 31.055402
-85.011392 31.053546
-85.008816 31.045573
-85.0087156651 31.0445282251
-85.0086169379 31.04350019
-85.008552 31.042824
-85.009409 31.032378
-85.005051 31.024701
-85.004549 31.01918
-85.00006 31.014983
-84.999428 31.013843
-84.999626 31.009079
-85.001366 31.005044
-85.002368 31.000682
-85.002368 31.000682
-85.024108 31.000681
-85.027512 31.00067
-85.030107 31.000653
-85.031155 31.000647
-85.052088 31.000585
-85.054802 31.000585
-85.057534 31.000585
-85.117031093 31.0006591178
-85.145835 31.000695
-85.152085 31.000888
-85.152218 31.000834
-85.154452 31.000835
-85.1756342589 31.0008466386
-85.1758683576 31.0008467672
-85.2032952418 31.0008618369
-85.2398234254 31.0008819074
-85.2399324852 31.0008819673
-85.243632 31.000884
-85.3023986644 30.9999710212
-85.3290347259 30.9995572124
-85.3291590814 30.9995552805
-85.3494587951 30.9992399111
-85.3820759024 30.9987331829
-85.4076911971 30.9983352324
-85.4786127412 30.9972334195
-85.4882971329 30.9970829661
-85.4926260414 30.9970157137
-85.498272 30.996928
-85.498272 30.996928
-85.5831426435 30.9963755829
-85.583167173 30.9963754233
-85.5996441511 30.9962681758
-85.6314337056 30.9960612598
-85.6442999922 30.995977514
-85.6524648628 30.9959243695
-85.6904371448 30.9956772105
-85.6919781371 30.9956671803
-85.7417832179 30.9953430026
-85.749619 30.995292
-85.749932 30.994837
-85.7794706683 30.9945552112
-85.8311203135 30.9940624912
-85.8311415419 30.9940622886
-85.893543 30.993467
-85.935849949 30.9932266836
-85.9358513252 30.9932266758
-85.9410176871 30.9931973293
-85.966240509 30.993054056
-85.9973319893 30.9928774469
-85.9973576403 30.9928773012
-85.998643 30.99287
-86.035039 30.99332
-86.035039 30.99332
-86.052462 30.993247
-86.056213 30.993133
-86.116918 30.992917
-86.162886 30.993682
-86.168979 30.993706
-86.175204 30.993798
-86.180232 30.994005
-86.1872472579 30.9940490695
-86.238335 30.99437
-86.256448 30.993853
-86.2700665841 30.9938301633
-86.2711931567 30.9938282741
-86.2711931567 30.9938282741
-86.289247 30.993798
-86.2964571307 30.9939065113
-86.2964571307 30.9939065113
-86.304596 30.994029
-86.3092629401 30.9940619644
-86.3161616017 30.9941106923
-86.322545283 30.9941557828
-86.3338822825 30.9942358604
-86.3483863349 30.9943383081
-86.3488289783 30.9943414347
-86.364907 30.994455
-86.36927 30.994477
-86.374545 30.994474
-86.388647 30.994181
-86.388647 30.994181
-86.391937 30.994172
-86.404912 30.994049
-86.454704 30.993791
-86.4551611687 30.9938171781
-86.458319 30.993998
-86.49995 30.99334
-86.512834 30.9937
-86.519938 30.993245
-86.5425736893 30.9942743207
-86.5425738122 30.9942743263
-86.563436 30.995223
-86.567586 30.995109
-86.6277059223 30.9947529677
-86.664681 30.994534
-86.678383 30.994537
-86.6883130036 30.9945961284
-86.706261 30.994703
-86.725379 30.996872
-86.727293 30.996882
-86.728392 30.996739
-86.74524 30.99629
-86.785918 30.996978
-86.785918 30.996978
-86.8100254337 30.99720675
-86.830497 30.997401
-86.831934 30.997378
-86.872989 30.997631
-86.888135 30.997577
-86.9057346804 30.9976333367
-86.9120012609 30.9976533961
-86.92781 30.997704
-86.9818285279 30.9984355399
-86.9820974046 30.9984391811
-86.998477 30.998661
-87.004359 30.999316
-87.027107 30.999255
-87.036366 30.999348
-87.039989 30.999594
-87.053737 30.999131
-87.064063 30.999191
-87.068633 30.999143
-87.1151509649 30.9994059598
-87.118873 30.999427
-87.124969 30.998802
-87.140755 30.999532
-87.1623080799 30.9990616757
-87.162614 30.999055
-87.162614 30.999055
-87.1630122062 30.9990429126
-87.1748033989 30.9986849941
-87.1838240371 30.9984111751
-87.224746 30.997169
-87.2344805565 30.9965851824
-87.237685 30.996393
-87.2382121731 30.9964506705
-87.2383133122 30.9964617347
-87.241834391 30.9968469259
-87.2492406601 30.9976571404
-87.2492406601 30.9976571404
-87.25498 30.998285
-87.255592 30.998216
-87.257002 30.998194
-87.25796 30.998263
-87.259689 30.998172
-87.26054 30.998195
-87.265564 30.998267
-87.265564 30.998267
-87.2762739874 30.9983027902
-87.288905 30.998345
-87.290995 30.998352
-87.2972568684 30.9984005692
-87.301567 30.998434
-87.30403 30.998191
-87.312183 30.998435
-87.333973 30.998272
-87.347836973 30.998254097
-87.355656 30.998244
-87.364011 30.998218
-87.364011 30.998218
-87.367842 30.998292
-87.425774 30.99809
-87.432292 30.998205
-87.449811 30.998272
-87.455705 30.998318
-87.458658 30.998386
-87.461638 30.998202
-87.461783 30.998201
-87.466827 30.998178
-87.466879 30.998178
-87.4777289871 30.9982101087
-87.4777289871 30.9982101087
-87.478706 30.998213
-87.479703 30.998197
-87.480243 30.998202
-87.4837341582 30.9981472465
-87.4887304804 30.9980688868
-87.4887304804 30.9980688868
-87.4985162788 30.9979154114
-87.504000896 30.9978293935
-87.5155376885 30.9976484565
-87.5173244108 30.9976204345
-87.51952 30.997586
-87.548543 30.997927
-87.571281 30.99787
-87.598928 30.997457
-87.598928 30.997457
-87.599172 30.995722
-87.596722 30.98761
-87.593395 30.982959
-87.592676 30.98014
-87.594164 30.977572
-87.594111 30.976335
-87.593046 30.972966
-87.590917 30.969414
-87.589187 30.964464
-87.592055 30.951492
-87.59689 30.941131
-87.598299 30.938793
-87.600691 30.937074
-87.602684 30.934277
-87.607811 30.92449
-87.608262 30.9219
-87.6102 30.916628
-87.611847 30.914541
-87.614209 30.908536
-87.614951 30.904226
-87.616013 30.901453
-87.620715 30.89893
-87.622203 30.897508
-87.622519 30.89368
-87.620922 30.889923
-87.620788 30.887494
-87.622062 30.885408
-87.6244 30.884696
-87.629454 30.880115
-87.629987 30.877686
-87.634938 30.865886
-87.628245 30.860131
-87.626228 30.857127
-87.6261874877 30.8569945705
-87.62538 30.854355
-87.626497 30.85188
-87.6270130229 30.8494317024
-87.6272957309 30.8480903799
-87.627323 30.847961
-87.626903182 30.847467512
-87.6266942263 30.8472218886
-87.6266267126 30.8471425275
-87.626075 30.846494
-87.624137 30.845713
-87.617281 30.840353
-87.615367 30.837031
-87.615923 30.834693
-87.615668814 30.8345869734
-87.610982 30.832632
-87.605776 30.831304
-87.60357 30.828624
-87.60163 30.82514
-87.600486 30.820627
-87.594297 30.816984
-87.58787 30.815037
-87.581869 30.812403
-87.576849 30.808163
-87.572043 30.800532
-87.56814 30.799088
-87.564209 30.796246
-87.560068 30.792258
-87.559484 30.790447
-87.5593854492 30.7903765338
-87.554838 30.787125
-87.552954 30.786941
-87.552051 30.786254
-87.545044 30.778666
-87.545364 30.774105
-87.54616 30.77202
-87.54226 30.767504
-87.537085 30.76253
-87.536528 30.761383
-87.535416 30.75476
-87.535365 30.749775
-87.5346938049 30.7482452204
-87.532607 30.743489
-87.523613 30.738306
-87.511729 30.733535
-87.5114261642 30.7332024148
-87.505153 30.726313
-87.502317 30.72159
-87.4980198148 30.7202772198
-87.497515 30.720123
-87.4967772976 30.7203513601
-87.496772 30.720353
-87.487036 30.7185
-87.481225 30.716508
-87.479819 30.71495
-87.479579 30.712865
-87.474429 30.706586
-87.470397 30.705281
-87.467717 30.701683
-87.466338 30.700835
-87.456948 30.69756
-87.451404 30.699806
-87.449362 30.698913
-87.44358 30.694604
-87.44228 30.692679
-87.4407750742 30.691336406
-87.4403124353 30.6909236706
-87.4403124353 30.6909236706
-87.4400988525 30.6907331263
-87.439814 30.690479
-87.436021 30.688668
-87.430372 30.688645
-87.424883 30.683374
-87.419527 30.679981
-87.412739 30.678055
-87.406958 30.675165
-87.406561 30.674019
-87.407118 30.671796
-87.405874 30.666616
-87.400707 30.657148
-87.400177 30.657217
-87.3975633381 30.6546472727
-87.397262 30.654351
-87.3971298098 30.6538762116
-87.396177 30.650454
-87.397185 30.648117
-87.395941 30.643968
-87.3947994168 30.6376182166
-87.3936355289 30.6311443679
-87.3936348623 30.6311406604
-87.393630275 30.6311151444
-87.393588 30.63088
-87.393775 30.627006
-87.394479 30.625192
-87.395659 30.623372
-87.39643 30.617734
-87.39643 30.616909
-87.395053 30.6159
-87.395026 30.615281
-87.397308 30.608728
-87.39927 30.605611
-87.401178 30.604397
-87.404597 30.603389
-87.406558 30.599928
-87.408736 30.583701
-87.4114649774 30.5765120389
-87.4124682913 30.5738690032
-87.4124702561 30.5738638273
-87.4124702561 30.5738638273
-87.4126181275 30.5734742888
-87.412712 30.573227
-87.4145037624 30.5734548254
-87.414513 30.573456
-87.416261 30.572448
-87.418354 30.570043
-87.418513 30.569561
-87.416951 30.568003
-87.41666 30.566306
-87.418647 30.561837
-87.420925 30.560668
-87.422408 30.560439
-87.422805 30.561379
-87.423362 30.561425
-87.426037 30.560073
-87.427891 30.554159
-87.431441 30.550263
-87.434963 30.549599
-87.43544 30.54914
-87.4465198521 30.5271989901
-87.446586 30.527068
-87.4464889783 30.5229418339
-87.4464752326 30.5223572514
-87.446427 30.520306
-87.444944 30.514943
-87.445182 30.51398
-87.4464991724 30.5135691298
-87.4473052856 30.5126286678
-87.4477823469 30.5119130743
-87.447702 30.510458
-87.444714 30.507494
-87.44322 30.506782
-87.43969 30.506649
-87.438269 30.505357
-87.431178 30.495795
-87.430578 30.491096
-87.432978 30.484896
-87.4346442242 30.482076236
-87.4347677575 30.4818671797
-87.435578 30.480496
-87.434678 30.479196
-87.431578 30.477696
-87.430578 30.476596
-87.429578 30.470596
-87.425078 30.465596
-87.414677 30.457296
-87.407877 30.456396
-87.404677 30.452897
-87.399877 30.450997
-87.3998088182 30.4509879091
-87.396877 30.450597
-87.391976 30.451597
-87.381176 30.450097
-87.3795929925 30.4496054281
-87.3782542269 30.4491897007
-87.370768 30.446865
-87.36868 30.444631
-87.366939 30.44048
-87.366591 30.436648
-87.3675928044 30.43461872
-87.3680448713 30.433703002
-87.368191 30.433407
-87.3685052875 30.4330991502
-87.371169 30.43049
-87.382076 30.422897
-87.3842101962 30.4217058207
-87.3843564032 30.4216242168
-87.386376 30.420497
-87.395676 30.417597
-87.398776 30.415098
-87.401777 30.411398
-87.403477 30.410198
-87.4040052609 30.4100610435
-87.4085744138 30.4088764483
-87.408877 30.408798
-87.4098325556 30.4088424444
-87.41237075 30.4089605
-87.413177 30.408998
-87.419177 30.410198
-87.422677 30.410098
-87.4236160244 30.4098565366
-87.4250827418 30.4094793807
-87.426177 30.409198
-87.4267980006 30.4087049975
-87.4283813817 30.4074479763
-87.429578 30.406498
-87.4302658788 30.4054661818
-87.4306762202 30.4048506697
-87.4311651396 30.4041172906
-87.431778 30.403198
-87.434278 30.397498
-87.437278 30.395898
-87.440678 30.391498
-87.441178 30.388598
-87.4410611579 30.387858
-87.4409856923 30.3873800513
-87.440878 30.386698
-87.4406481493 30.386217403
-87.4387442651 30.3822365542
-87.438678 30.382098
-87.438678 30.380798
-87.441823 30.376304
-87.449078 30.370399
-87.451378 30.367199
-87.451878 30.364999
-87.4519182174 30.3631087826
-87.4519702368 30.3606638684
-87.451974741 30.3604521716
-87.451978 30.360299
-87.450962 30.346262
-87.452278 30.344099
-87.459978 30.3363
-87.4608127674 30.3356600117
-87.462978 30.334
-87.464878 30.3333
-87.4667430387 30.3329688559
-87.4673182696 30.3328667216
-87.4747019084 30.3315557307
-87.4747988212 30.3315385235
-87.475579 30.3314
-87.4767450964 30.3313642302
-87.4894266342 30.3309752259
-87.491879 30.3309
-87.4919860518 30.330874324
-87.4920419109 30.3308609263
-87.49998 30.328957
-87.502572 30.327405
-87.504701 30.324039
-87.505943 30.319396
-87.505841163 30.3150876076
-87.505841163 30.3150876076
-87.50578 30.3125
-87.5053082504 30.310956521
-87.5048486035 30.3094526401
-87.50468 30.308901
-87.5040466667 30.3083676667
-87.5028390801 30.3073507516
-87.50278 30.307301
-87.5025114155 30.3072228144
-87.5022941452 30.3071595665
-87.5012162083 30.3068457765
-87.494879 30.305001
-87.4944156268 30.3049927255
-87.4920218571 30.3049499796
-87.483679 30.304801
-87.481879 30.306001
-87.477660457 30.3073361689
-87.475879 30.3079
-87.4755953514 30.3079118171
-87.468678 30.3082
-87.465778 30.3076
-87.465288 30.307635
-87.4641826512 30.3077139535
-87.462978 30.3078
-87.459578 30.3083
-87.455578 30.3102
-87.450078 30.3111
-87.452378 30.300201
-87.49998 30.287901
-87.50548 30.287101
-87.51838 30.283901
-87.5183674698 30.2831254723
-87.518324 30.280435
-87.518324 30.280435
-87.5340849945 30.2775629137
-87.5440407032 30.27574871
-87.544533 30.275659
-87.558097 30.274437
-87.581362 30.269257
-87.5822055568 30.2690386666
-87.6363656564 30.255020691
-87.6381495237 30.2545589819
-87.656888 30.249709
-87.6685053952 30.2483750426
-87.689093239 30.2460110611
-87.73553 30.240679
-87.80056 30.229365
-87.8006213609 30.2293614707
-87.8006355623 30.2293606539
-87.838462 30.227185
-87.8994818244 30.2294042318
-87.9236318604 30.2302825451
-87.926119 30.230373
-87.9271746459 30.2303481382
-87.962253 30.229522
-87.999996 30.225753
-88.014572 30.222366
-88.028401 30.221132
-88.029272 30.222714
-88.023991 30.23039
-87.966847 30.235618
-87.948979 30.256564
-87.936041 30.261469
-87.918247 30.253308
-87.913762 30.247837
-87.90046 30.241531
-87.893201 30.239237
-87.879343 30.23859
-87.860085 30.240289
-87.8251992057 30.2518261446
-87.817743 30.254292
-87.802087 30.253054
-87.78775 30.254244
-87.7839311716 30.2557099572
-87.766626 30.262353
-87.7657771312 30.2634690126
-87.7650126312 30.2644741051
-87.755263 30.277292
-87.7553714796 30.2832626682
-87.7554666377 30.2885001245
-87.755516 30.291217
-87.772758 30.311701
-87.796717 30.324198
-87.809266 30.332702
-87.82988 30.353809
-87.8312111749 30.3566155198
-87.837239 30.369324
-87.8432545942 30.375514125
-87.845132 30.377446
-87.853806 30.378481
-87.865017 30.38345
-87.906343 30.40938
-87.908908 30.41424
-87.9100508457 30.4212142446
-87.914136 30.446144
-87.9176818265 30.4608812849
-87.920031 30.470645
-87.9238566415 30.4756375537
-87.924211 30.4761
-87.9247976774 30.4764814051
-87.931901646 30.4810997699
-87.931902 30.4811
-87.9329596613 30.4856545678
-87.9329658267 30.4856811177
-87.9329789971 30.4857378328
-87.933355 30.487357
-87.933075866 30.4878406655
-87.9257573461 30.5005217292
-87.9216296557 30.5076739276
-87.921034927 30.5087044353
-87.9200651616 30.5103847829
-87.919714353 30.5109926417
-87.919499037 30.5113657275
-87.9130401337 30.5225573025
-87.911141 30.525848
-87.9091044258 30.5299640015
-87.9083877629 30.5314124071
-87.905343 30.537566
-87.904571801 30.5403928097
-87.9038828557 30.5429181202
-87.9021710542 30.5491926835
-87.9021075471 30.5494254669
-87.901711 30.550879
-87.9021009937 30.553276739
-87.9023852887 30.555024627
-87.9025267939 30.5558946218
-87.9028095694 30.5576331674
-87.9031500058 30.5597262209
-87.9034707831 30.5616984074
-87.9037523598 30.5634295824
-87.9037929841 30.5636793466
-87.9041570839 30.5659178865
-87.904168 30.565985
-87.904217561 30.5660799021
-87.9061925007 30.5698616224
-87.9074077448 30.5721886371
-87.907891 30.573114
-87.9081240556 30.5733211824
-87.9100288855 30.5750145439
-87.9113195327 30.5761619074
-87.911431 30.576261
-87.9126165506 30.579500496
-87.914956 30.585893
-87.9149357717 30.5861423261
-87.9147742024 30.5881337721
-87.91253 30.615795
-87.9161045092 30.6264225571
-87.917318789 30.6300327948
-87.919346 30.63606
-87.9199069605 30.6368558902
-87.93107 30.652694
-87.936717 30.657432
-87.955989 30.658862
-87.9603725024 30.6616840525
-87.9732231738 30.6699571788
-87.981196 30.67509
-87.9815028248 30.6752012917
-87.9903361705 30.678405328
-88.0028124535 30.6829307327
-88.0057840523 30.6840085928
-88.0082449354 30.6849012058
-88.008396 30.684956
-88.0101999524 30.684168999
-88.012444 30.68319
-88.0215966548 30.6743366689
-88.022076 30.673873
-88.026706 30.66149
-88.034588 30.653715
-88.044339 30.652568
-88.0523578622 30.6490819133
-88.061998 30.644891
-88.0606677674 30.630591
-88.059598 30.619091
-88.053998 30.612491
-88.0560538499 30.6079268246
-88.064898 30.588292
-88.074898 30.578892
-88.0834797874 30.5662286999
-88.0840369246 30.5654065874
-88.085493 30.563258
-88.0848380257 30.5603952756
-88.081617 30.546317
-88.082792 30.528713
-88.0895806834 30.5243168531
-88.090734 30.52357
-88.0907924473 30.523490341
-88.100874 30.50975
-88.103768 30.500903
-88.102988 30.493029
-88.096867 30.471053
-88.100646 30.46122
-88.106437 30.452738
-88.1063786576 30.4521109983
-88.10407 30.4273
-88.107274 30.377246
-88.115432 30.35657
-88.124611 30.341623
-88.128052 30.338509
-88.136173 30.320729
-88.155775 30.327184
-88.171967 30.324679
-88.191542 30.317002
-88.195664 30.321242
-88.198361 30.338819
-88.196353 30.343586
-88.188532 30.345053
-88.188527 30.348124
-88.1965056375 30.3579807775
-88.2000337092 30.3623393434
-88.200065 30.362378
-88.204495 30.362102
-88.2185905973 30.3671882031
-88.222271981 30.36851658
-88.2299477786 30.3712862864
-88.2400344417 30.3749259206
-88.2410752095 30.3753014674
-88.260695 30.382381
-88.2709902439 30.3826132765
-88.271517321 30.3826251681
-88.2715212981 30.3826252579
-88.2759733631 30.3827257033
-88.282635 30.382876
-88.2888280913 30.3734982657
-88.2890619902 30.3731440901
-88.290649 30.370741
-88.2924400719 30.3705843592
-88.311608 30.368908
-88.316525 30.369985
-88.319599 30.380334
-88.332277 30.38844
-88.341345 30.38947
-88.364022 30.388006
-88.374671 30.385608
-88.395023 30.369425
-88.395023 30.369425
-88.3995838724 30.4582721772
-88.4003199006 30.472610228
-88.4004007097 30.4741844149
-88.4004007589 30.4741853733
-88.4013356057 30.4923964728
-88.4019645859 30.504649196
-88.402283 30.510852
-88.403547 30.5331
-88.403547 30.5331
-88.403931 30.543359
-88.404013 30.54506
-88.404013 30.54506
-88.4041942098 30.5491152164
-88.4060234408 30.5900507796
-88.4072621831 30.6177720569
-88.407484 30.622736
-88.407462 30.631653
-88.40807 30.63697
-88.40807 30.63697
-88.409571 30.668731
-88.411339 30.706334
-88.41155 30.712956
-88.412209 30.730395
-88.41227 30.731771
-88.41227 30.731771
-88.4124502967 30.7355911631
-88.4148105511 30.7856007239
-88.4181272669 30.8558759869
-88.4181616466 30.8566044307
-88.4182538925 30.8585589572
-88.4182835769 30.8591879151
-88.4184615224 30.8629582618
-88.41863 30.866528
-88.419562 30.875186
-88.4220228627 30.9250644578
-88.4229039541 30.9429230257
-88.4256371945 30.9983222228
-88.4256371945 30.9983222228
-88.425729 31.000183
-88.425807 31.001123
-88.425807 31.001123
-88.4295565895 31.069568128
-88.4304193884 31.0853176875
-88.432007 31.114298
-88.432007 31.114298
-88.4334906037 31.1424667603
-88.438104 31.23006
-88.438211 31.231252
-88.43898 31.246896
-88.43878 31.252654
-88.4391831356 31.2591525932
-88.4404004511 31.2787758644
-88.445182 31.355855
-88.445209 31.355969
-88.445209 31.355969
-88.4459686202 31.3701518546
-88.447163413 31.3924598065
-88.4477366687 31.4031630537
-88.448686 31.420888
-88.44866 31.421277
-88.4495704828 31.4358489246
-88.449570572 31.4358503525
-88.4503623786 31.4485229085
-88.451045 31.459448
-88.451575 31.481533
-88.453013 31.500164
-88.453288646 31.5053438428
-88.4535731762 31.5106906337
-88.4536597582 31.5123176524
-88.4537258547 31.5135597132
-88.4545914922 31.5298264681
-88.4563394993 31.5626744022
-88.4563394993 31.5626744022
-88.4573256404 31.5812056171
-88.4577759832 31.5896683001
-88.459478 31.621652
-88.459722 31.624002
-88.459722 31.624002
-88.4606354685 31.6383515937
-88.4638586852 31.6889848118
-88.464425 31.697881
-88.4648982457 31.7148338806
-88.465107 31.722312
-88.4682047027 31.7818049368
-88.4682048227 31.7818072421
-88.4683938303 31.7854372285
-88.4684493466 31.7865034467
-88.468669 31.790722
-88.469053533 31.8002251878
-88.4698230872 31.8192436282
-88.471106 31.850949
-88.471214 31.851385
-88.472642 31.875153
-88.473227 31.893856
-88.4700114032 31.9207803373
-88.468879 31.930262
-88.46866 31.933173
-88.46866 31.933173
-88.455039 32.039719
-88.454959 32.040576
-88.454959 32.040576
-88.4538834583 32.0492802822
-88.4534176837 32.0530497631
-88.4516396935 32.0674389116
-88.443075888 32.1367451793
-88.4418180152 32.1469250542
-88.43871 32.172078
-88.43865 32.172806
-88.4373573542 32.1824443872
-88.4357473412 32.1944491663
-88.4338610745 32.2085137837
-88.4329099757 32.2156054852
-88.4326796418 32.2173229297
-88.4312924209 32.2276664989
-88.428278 32.250143
-88.4281752567 32.2510242142
-88.4279511069 32.2529467128
-88.4240645619 32.2862810257
-88.421453 32.30868
-88.4180213859 32.3380073992
-88.4149120853 32.36458023
-88.4148726607 32.3649171623
-88.4147346026 32.3660970401
-88.4147346026 32.3660970401
-88.4147345702 32.3660973173
-88.4147329689 32.3661110018
-88.4147329062 32.366111538
-88.413819 32.373922
-88.4131865434 32.3768483706
-88.4131527183 32.3770048787
-88.4125 32.380025
-88.4111703854 32.390670617
-88.4110043809 32.3919997397
-88.4100962221 32.3992709524
-88.4039068074 32.4488267698
-88.4039063706 32.4488302669
-88.403789 32.44977
-88.403789 32.449885
-88.403789 32.449885
-88.403316262 32.4542785081
-88.4023444147 32.4633106121
-88.4003378551 32.4819590727
-88.4002268939 32.4829903175
-88.4000593697 32.4845472458
-88.399966 32.485415
-88.3888572189 32.5781231496
-88.3862982351 32.599479107
-88.3853933023 32.6070312088
-88.383039 32.626679
-88.382985 32.626954
-88.3748512678 32.6985117888
-88.373338 32.711825
-88.3697821999 32.737362758
-88.3696729932 32.7381470806
-88.3690802718 32.7424040054
-88.368349 32.747656
-88.3682136227 32.7488836505
-88.3681714725 32.7492658845
-88.3666136705 32.7633926003
-88.361166473 32.8127897732
-88.354292 32.87513
-88.348707184 32.9218994094
-88.3478493554 32.9290831975
-88.3450116669 32.9528470986
-88.3447418084 32.9551069975
-88.340432 32.991199
-88.3341122097 33.0457110172
-88.3309942993 33.0726048822
-88.3309640118 33.0728661302
-88.330934 33.073125
-88.3308178118 33.074059608
-88.3227036545 33.1393292097
-88.317135 33.184123
-88.3169104132 33.1863925089
-88.3169085428 33.1864114097
-88.315235 33.203323
-88.3136306916 33.2137807143
-88.312535 33.220923
-88.3114724478 33.229744205
-88.3080904263 33.2578214168
-88.3080904163 33.2578214996
-88.30801447 33.2584519984
-88.3044167317 33.2883200713
-88.3027450458 33.3021982442
-88.3004998749 33.3208374339
-88.2998802936 33.3259811373
-88.2971202448 33.3488947932
-88.2967849875 33.3516780663
-88.2959114218 33.3589303229
-88.2930196834 33.3829372535
-88.2910763483 33.3990706314
-88.2897021614 33.4104789973
-88.2897014334 33.4104850404
-88.2859580412 33.4415623175
-88.2800920063 33.4902615662
-88.2788286908 33.5007494887
-88.2783463894 33.5047535075
-88.2783463894 33.5047535075
-88.277421 33.512436
-88.277421 33.512436
-88.276805 33.516463
-88.274619 33.534008
-88.2741580307 33.5377218848
-88.2741580307 33.5377218848
-88.271396811 33.5599681661
-88.2708073948 33.564716908
-88.27005 33.570819
-88.269532 33.572894
-88.269076 33.576929
-88.26816 33.58504
-88.267148 33.591989
-88.267005 33.594229
-88.267005 33.594229
-88.266026948 33.6022853158
-88.2641157608 33.6180279631
-88.2624161148 33.6320281237
-88.2624125124 33.6320577965
-88.262002022 33.6354390491
-88.2610602851 33.6431962336
-88.2599052639 33.6527102625
-88.256343 33.682053
-88.256131 33.68286
-88.254622 33.69578
-88.254445 33.698779
-88.252257 33.719568
-88.2489369151 33.7449769799
-88.2480114292 33.7520598267
-88.2459870595 33.7675525537
-88.2453326644 33.7725607125
-88.244142 33.781673
-88.243025 33.79568
-88.2416208149 33.8028635104
-88.2416184868 33.8028754205
-88.2412737423 33.8046390593
-88.240054 33.810879
-88.2393057252 33.8168369861
-88.235492 33.847203
-88.2349516559 33.8510771015
-88.2309869501 33.8795028273
-88.2294613218 33.8904411151
-88.2292558509 33.891914278
-88.229213491 33.8922179858
-88.229213491 33.8922179858
-88.226517 33.911551
-88.226517 33.911665
-88.226428 33.912875
-88.226428 33.912875
-88.2231859163 33.936916062
-88.2221372299 33.9446923992
-88.2171465161 33.9817000996
-88.2136177474 34.0078670203
-88.2132625769 34.0105007202
-88.2117342133 34.0218340131
-88.210741 34.029199
-88.207229 34.058333
-88.2059923485 34.0684637662
-88.2037829578 34.0865633026
-88.2028035884 34.0945863896
-88.2026661448 34.0957123402
-88.200196 34.115948
-88.1952028426 34.1527115755
-88.1944852235 34.1579952553
-88.192128 34.175351
-88.190678 34.190123
-88.18762 34.204778
-88.1872741327 34.2106479445
-88.186667 34.220952
-88.181669217 34.2582160999
-88.1816687554 34.2582195413
-88.1774832387 34.2894272817
-88.1771039347 34.2922554195
-88.176889 34.293858
-88.176889 34.293858
-88.175867 34.302171
-88.175867 34.302171
-88.173632 34.321054
-88.16591 34.380926
-88.165634 34.383102
-88.161374828 34.4196263831
-88.1602302378 34.429441777
-88.1594657948 34.4359972315
-88.1586736809 34.4427899776
-88.1567512157 34.4592760112
-88.1565521599 34.4609830078
-88.156292 34.463214
-88.1560408781 34.4650390232
-88.1525531867 34.4903857526
-88.149137713 34.5152076405
-88.1482459867 34.5216882438
-88.139988 34.581703
-88.139988 34.581703
-88.139246 34.587795
-88.138719 34.589215
-88.138719 34.589215
-88.1343641281 34.6219009719
-88.1343413262 34.6220721144
-88.134263 34.62266
-88.1307939905 34.644895266
-88.1302191636 34.6485797262
-88.1301712372 34.6488869198
-88.1299644136 34.6502125941
-88.12291974 34.6953667479
-88.1220130057 34.7011786313
-88.1208473041 34.7086504141
-88.118407 34.724292
-88.116418 34.746303
-88.1153923278 34.7538670142
-88.1137816921 34.7657449523
-88.1106535794 34.7888138126
-88.10756 34.811628
-88.1060081521 34.8245558938
-88.1048389442 34.8342961507
-88.097888 34.892202
-88.099999 34.894095
-88.125038 34.902227
-88.1331158688 34.9059457031
-88.136692 34.907592
-88.139721 34.909631
-88.146335 34.914374
-88.154617 34.922392
-88.1601362607 34.9311443435
-88.1603496126 34.931482673
-88.161594 34.933456
-88.1663363392 34.9432750972
-88.172102 34.955213
-88.176106 34.962519
-88.179973 34.967466
-88.187429 34.974909
-88.198811 34.991192
-88.200064 34.995634
-88.200064 34.995634
-88.20082 34.997774
-88.201987 35.005421
-88.202959 35.008028
-88.000032 35.005939
-87.9849160158 35.0058806725
-87.9734949123 35.0058366023
-87.9268930486 35.0056567814
-87.9267829622 35.0056563566
-87.877969 35.005468
-87.877742 35.005512
-87.872626 35.005571
-87.853528 35.005541
-87.853411 35.005576
-87.851886 35.005656
-87.8212079824 35.0053778213
-87.8211886046 35.0053776456
-87.773586 35.004946
-87.767602 35.004783
-87.75889 35.004711
-87.709491 35.004089
-87.702321 35.003945
-87.700543 35.003988
-87.696834 35.003852
-87.6886228341 35.0037502847
-87.671405 35.003537
-87.664123 35.003523
-87.625025 35.003732
-87.6191677945 35.0037040577
-87.6062559732 35.0036424608
-87.5828736302 35.0035309133
-87.5826285701 35.0035297443
-87.5773317237 35.0035044752
-87.5364391259 35.0033093936
-87.5225360375 35.0032430678
-87.4954663535 35.0031139296
-87.4928632284 35.0031015111
-87.4928216884 35.003101313
-87.4606891636 35.002948022
-87.4432457467 35.0028648068
-87.4373082853 35.0028364816
-87.428613 35.002795
-87.421543 35.002679
-87.4174 35.002669
-87.391314 35.002374
-87.3856108089 35.002231462
-87.381071 35.002118
-87.359281 35.001823
END_ONE_POLY
-88.1884692736 30.2469340542
-88.1950616507 30.2462354077
-88.20854 30.244807
-88.280571 30.230274
-88.304773 30.228031
-88.313323 30.230024
-88.310025 30.233233
-88.299705 30.231812
-88.280781 30.233781
-88.25837 30.239595
-88.224615 30.245559
-88.17335 30.252418
-88.158303 30.252393
-88.141143 30.255024
-88.130631 30.262125
-88.1247220838 30.2735414007
-88.124658 30.28364
-88.086812 30.259864
-88.074854 30.249119
-88.075856 30.246139
-88.078786 30.245039
-88.109432 30.242097
-88.120151 30.246149
-88.137083 30.249179
-88.166569 30.249255
-88.1884692736 30.2469340542
END_ONE_POLY
END_ALL_POLY
END_FILE