5039
753.8185461851473
282.5160039048771
120.80435388345212
740.759649125567
889.5481118784412
282.0412381338276
808.0449458876021
843.1793061663054
598.7898380187596
297.12306610058425
71.76710776413687
28.81827921503266
0.18303119943186008
65.26528219949279
512.4798591818311
439.5258689947323
51.44533638355375
707.7580069898672
746.126683254856
933.9909012431132
406.06205169921236
994.649879719216
241.96901009945816
234.77525616638982
945.0179206565936
597.0560925419653
411.3328339395292
625.4428716725149
313.19115180232546
765.0656781423847
917.9520110737126
202.94185848721526
205.06959202814167
948.6123562371505
986.3058979495521
785.1235526223683
590.7372099541533
239.02511655408964
821.2633971492821
449.25942933156483
550.6185635636893
150.57597193486217
120.50875376571868
334.6425774779882
896.2579136351253
184.1942515916921
60.63949116177669
780.837923991852
294.44847402540586
819.6181695642251
68.49004267889391
92.87120734386033
183.3167959751012
67.6058974267183
151.1494113598435
225.62352381762375
371.5058420992575
480.429993288082
551.304741959397
461.92508264759937
845.3898388517855
566.7308954159128
18.95691087956419
722.3179650499527
974.2924327422969
885.9060416041922
46.21856394053414
489.18442460817846
999.9698317625855
707.5635578902054
998.8187289270973
453.91389202876144
424.1581382063121
13.170481584154569
196.1021980110146
903.008311251142
666.7747092869336
789.877274670985
640.7263442448736
547.5019448970239
157.40127642033684
20.601662978217416
279.92171425949766
969.7987623091345
843.9661979895163
509.8070792910697
392.09674366208026
113.00615991842733
955.0821700585304
701.0114530231774
935.7315257456145
270.0715631642626
736.2848093169164
939.9149623440915
471.9189100402265
843.5038619190196
795.4563054789012
216.13562513211536
577.575922666907
741.1891821910122
639.0078744165583
276.89434896007646
503.2621267022673
649.7861575828463
957.933463850603
147.59157876536122
197.70568715473814
584.4130618335264
231.63626254969316
517.0700717233212
720.5523034671774
51.81563379519638
257.4688777861207
149.45949269343728
495.51567530874473
883.9306005230633
285.2165907860238
469.8498760507341
818.0226672476097
299.73701958617414
538.2928728512992
737.6433603147268
524.6101508743689
35.51366618518315
37.20478271853889
769.2839607100989
755.7449105738233
447.09748292344
805.8850845224337
1.168031590357388
299.4014666003972
332.4647258522858
737.7774933135175
793.888583045847
89.6473421671925
848.9326412818042
626.0995087977005
270.56855379685584
52.64901924207444
306.5067392270532
121.4975035034327
654.8901645365705
641.9259168596416
807.3744580496161
670.3467825059512
28.5279580108041
85.34408169730057
671.2732210873829
808.2392961639068
663.0459486036053
578.254696432899
337.4373793711154
535.7397801567944
597.9199250870837
400.3473860874149
966.0545533231424
887.2812672597414
934.1977282513011
208.20181983959262
275.6391293538464
219.10884141860208
392.41251529784347
561.1851283253022
247.45698874823097
188.4705677343317
43.71449429263264
75.25731831324134
204.1118700397916
873.7928427282352
764.7890899199723
467.41008171780686
426.6305392369923
994.3669926745879
889.9807378076073
152.87906989600185
912.8607177640309
728.1125388778336
738.1427952027254
987.9338105201581
99.72178054652836
197.27220389831746
177.08626503870173
212.96281910929395
372.82521054087226
294.43211241098334
155.1008487619977
643.7364102190719
969.2082059582116
155.05030761541727
176.87396779814014
683.1430852873842
442.40035302281353
247.71542372883226
30.234842370697624
781.3598772209386
203.77003444008125
749.6463340801512
680.5017875708589
559.3307288368607
780.0734222681472
602.4831754099486
140.81339804926307
928.591437864217
334.35599370470726
402.2085589294746
299.67496621068045
189.89345504969313
685.8326169701824
67.07719307184945
141.05327966706594
273.7430213888284
534.0990211171106
48.72129508107126
527.7051417885065
997.8859858577094
844.0040537588653
704.1379543216085
735.0252895081643
459.9333036392208
379.73852948719724
330.0539235227058
220.5522260278624
457.73536704289853
190.1732304806727
276.20200770772516
693.3712233755022
135.77827516589846
442.2050987449043
500.33294832875276
408.0054505232483
892.7884616663322
374.84710989027116
905.3249736364074
748.9881615329537
953.8968722607931
304.02411387264726
807.5428367849241
595.1598236504329
910.1272685934753
546.5132491336236
925.6369256266449
656.836182794795
958.6377959546286
851.1944112589428
350.2622436925408
964.3443481112432
539.0587368990631
426.75219551125986
57.736000329417834
953.0260100300001
554.4336626308831
937.1983867925696
664.4417011083368
137.65801005398725
389.68494599731395
900.0592237241034
283.82668450812696
198.34250302758937
496.18899126411054
766.7996353117247
544.1290224138518
410.2700014707722
397.96029992891425
591.0319554655391
52.508947780558366
741.3606485514595
593.1079697715486
597.2843884630198
850.0487925430458
614.6403283738861
973.6416280022864
151.57980990224306
692.1246171654045
286.30988157453595
67.36861724448585
604.8031707620656
309.9420218988379
25.81713979263567
617.5377433630298
230.81171414874868
161.56693126565492
800.8433502677742
759.0492174930885
13.468695041327305
564.5723879412648
967.9668183340991
324.4644634477509
350.25841715904494
517.4599607045219
548.868144998366
618.7134544066448
834.8664096264199
963.3051792308656
32.29344302066905
338.31144273050063
157.0853369512788
726.6136910851852
283.5928133400325
179.0606535541499
815.6339195922018
863.1652839536047
66.50350868565135
75.62721659880489
777.9524559522113
702.6613433313087
885.9484123177616
947.0469719313217
440.76538896603057
435.2803004580299
345.9722816717964
284.12833738092735
246.17748495014357
695.7851076592252
983.5393677358027
907.884230851615
90.29743680218449
232.61538750246513
586.7682200064133
752.5392919339967
224.8584453645135
414.436426454489
335.2803247560561
582.3223605471935
697.0325669395854
22.90567097261298
710.6913982136878
138.1690296605701
498.6119424749412
507.957173667043
16.87535643321447
328.62177149781644
502.9563835965086
640.6926981074936
522.4824915977218
728.6308127150103
956.5835847917309
289.0079926575707
692.2956026150849
830.6218818239212
762.0049976928626
862.3712402818373
709.3582229040182
204.11112040969726
39.38632302170664
824.7100283505732
506.4118474754826
963.3122573228891
486.83879409733777
558.1524361939556
823.0299081493105
716.594237626066
872.6236033956434
775.4061889668693
383.93795162592914
477.3122284063268
587.278644315044
624.8498670798515
154.36110138500848
852.448743528232
559.6529523489808
609.9483743567343
769.8416694252904
193.66561188070574
998.0611594960253
453.3944589450459
660.8205654022322
294.78189708484314
356.2467159587249
76.41687326160395
96.37901330274646
650.3564986867359
643.568926719245
934.9848555889473
356.8870524314375
251.96848587420882
699.805995811321
57.17801634826836
511.9084051405839
391.9525343741447
337.19210736559
259.7790307533666
827.5618163708041
968.7600974254411
315.7839608120192
187.18653321264244
656.6407690816238
343.7819887033612
962.9776758106133
12.03383532407365
775.1455119597441
886.3813721200784
873.9749565901238
864.4387821534257
520.4820516769348
962.0505866653613
537.2224015790846
315.59858319312184
759.4352757718306
268.01917455518577
917.3256739670389
531.483129549383
668.1240927706461
101.30464318033394
997.6660990612249
33.66870860916305
541.4985922894388
356.11123494182095
35.9242691502758
356.89364018997816
366.5405193020247
790.6466451297758
817.9410914705035
276.7060680100595
691.1800752105281
377.8401303846338
508.8243304196857
695.61343734948
400.0434736629228
360.10948770655085
794.93425668068
722.431986220238
368.4973425667648
965.2393140786821
886.3591890883125
957.0739908118194
608.0577072297293
608.5956055950668
606.7180561073887
501.7992549286455
439.08239147489047
806.3171293244569
235.6035514605158
759.9964457671572
430.76820088521674
954.7874071317833
988.7065342923338
654.8493695942653
333.82449463834917
593.6050768129444
21.638031526145184
502.78137744731254
997.7975972802603
762.4350954960106
625.6926978059754
410.36141386072853
312.87116598210827
586.5366818636508
847.2734195523827
728.393181278558
545.0696141014013
281.4281584213423
107.42358150174192
793.198512548533
44.14319518594034
354.06325241915823
523.8904674777153
912.6452673520956
195.01477524829357
896.0568116433581
545.3689413510679
313.2583591639503
656.5201122345921
513.9126286099798
196.0518996097792
554.7925744645224
385.27468134107045
621.8696552221993
698.3403661800335
739.9340742692591
677.8522680146185
534.8972370450228
492.54231777283087
699.3371776478293
481.0610596041233
42.533775801587566
704.6164122607782
215.99146106913292
517.9559442303728
918.677751807103
926.4928211652974
267.95382481620777
356.32582199691063
128.10348688766325
768.2305158255621
214.76904121768914
406.7474924044173
327.38860825359706
17.246300645800574
830.4410795916593
978.8984684958349
626.1040668690857
397.0778611513507
94.60715326786362
947.6729673889088
473.5314257325126
856.6196838157265
693.6048239792968
284.7469526390969
966.8366496088695
40.496968355580364
254.41222109613759
696.5893222084491
838.5430099971599
92.21935138705595
436.97995441652415
876.5183834914702
874.310619878816
223.9830353677489
144.2626162853119
426.2537116173388
536.4435667466081
550.4661278633954
274.29686840479195
331.51577799845177
124.2096014117906
528.6887013599369
634.9621398419678
986.5766806190869
888.972162153562
971.9859105607336
869.5986870068235
154.2670367210529
140.2975016014132
13.368558295751676
500.44767389118164
920.7960162991077
528.6148308388413
582.0223623476041
486.91572846162256
658.8424686794007
370.67054416222055
926.4239644998902
16.95696166990379
247.72710627368377
95.93228519771235
468.5276501747933
602.4032005518995
316.0771500551189
635.2621188583169
805.704062224715
932.8629696040249
70.24626173116522
847.5930661215119
990.5879602480767
357.8487685372583
350.8543158207893
886.00588042467
313.71950096198
313.08091645040935
920.1631836446038
741.518574929748
689.8393770333537
484.45572041862096
624.6059125842706
71.0640971524259
405.92486533364524
11.954400937173816
999.6388438672834
815.5461022276014
427.5309687063712
575.8085279082632
88.1869065969475
44.52703143968484
679.7263018593371
778.5267501363986
729.3050863502123
926.0161519429829
719.8910909195009
838.9265323215201
340.27915483872016
712.9899131948576
1.8704849954260805
248.10380393571018
263.2419743238793
162.6905562376778
494.45304369260367
702.312442005824
76.48144057938877
860.4134299550757
761.8712304787604
324.01457821788637
880.9695239594677
506.40704624738186
739.9965775881838
909.9017057992614
464.24178680304806
342.67425735387167
349.12975480900053
703.47582094925
416.60961938382826
545.8771841270967
772.7611828121925
979.8188009338012
728.788209310888
593.2118145709256
701.4053284868448
551.466926137742
135.37481661863293
320.0334927200381
91.58788836868025
156.84726728517805
485.21443267095333
631.1773139126735
22.291986565964763
576.521167707376
717.539838768589
602.3322189399506
44.64530374398168
237.5189824922047
601.8764551587726
13.491713839671405
15.358036685361064
12.339979020287494
260.0523731715891
193.4177087460115
780.3963992806334
896.7295918038799
630.2565231103135
422.2183987203513
232.60439321840775
259.13593461927275
455.93920380367456
38.55516507634593
205.4624059172231
394.78596715667635
86.4505274910442
828.6572318799621
384.8978444059441
188.61121207609634
361.66411828833424
236.23746114553023
922.0398014631436
793.7919760410289
119.43531604733437
425.56590208188385
712.0359293101933
366.4774065853008
412.5935855501124
254.3726985157194
367.5268162385179
62.2790381564291
351.2720008991994
768.915098251396
760.0991365760973
696.4231707149901
596.7266211103075
920.4583686112919
629.0156711174284
696.9874598415082
924.4014345656548
820.5834251285096
163.7471688920712
239.43585742812712
946.8451564397003
2.1488741418700386
655.3067498367145
740.7048380139988
41.18841856942657
833.3988256279416
281.11521610476564
212.38342271897858
761.2409940899654
444.6220828390969
839.1010601695076
325.0680376970154
530.8705121384754
269.9321171190372
778.9665412955842
419.7628032311509
213.17564266696388
581.1516327191248
192.02704426473304
117.23453567764864
229.06802750282662
196.44937015081499
515.7577474566401
622.5210028501078
259.2294188413764
883.2909518488387
585.158323719748
299.32991004579213
205.01117616170862
843.4293552331297
320.27281300706125
597.8553495057746
6.695834788391419
67.07542125512578
777.6781938181854
959.5773054121007
121.64087066310591
274.05183997539564
513.4823010402284
893.8988358031532
950.1777253071309
621.6488153185688
206.34745995075156
24.015213968745176
263.7392133259568
352.06368490017525
271.28380819111806
533.197012167132
737.5412894737262
76.72026202636218
758.4317063225332
107.71009509585471
19.246049787227992
450.42843827669833
175.7801995753643
168.88266649438333
375.38425520956196
575.2581181961446
0.7443589965586694
914.36973409306
848.9179242779027
592.165879102712
552.7514200177266
447.4544535247264
34.174438476149646
567.8268157810346
587.4615663219469
63.26369137567334
29.485330222377094
964.7878269779137
442.9766440884193
582.0659239916852
863.2150023356986
694.9731414227897
819.36551956671
472.35721210149495
705.4650177483938
999.7363774247314
305.0626967260184
390.23079638965487
475.59268013826215
174.06796811046988
577.1720356378632
676.5647613032695
34.78300583284699
458.2306802340195
797.4350226776637
299.8512119900489
13.265007304208766
257.0097744516574
101.5989874560096
710.0294725363934
463.36532144091046
214.92891858034056
237.14751651488186
77.47495750487144
952.4430718320529
575.1964398001905
342.8316795385327
431.33453355586727
413.85183771234045
680.8112712082708
583.1675138074896
282.6877776318984
59.42593975910682
438.1711217562421
852.0414339835992
420.5532366163461
923.5901515960181
56.69041857685186
41.792098751713084
702.5474100804229
157.04291552769922
402.34883094256855
437.61367067362147
827.0434114354816
17.065461582449927
858.7556807374352
641.8519468785911
269.96524924491194
611.8600244524184
676.2297405407613
58.74165003283005
796.8928715568592
847.9226334266517
407.5571615675215
377.35914871144536
219.94202525636953
702.3068548893878
178.5056890291318
679.0423186198041
358.9220019346541
895.736943502356
221.83599458642433
765.2549275246818
487.56378455836415
277.8801249512866
315.46589125432035
52.85016511928464
898.149574583932
752.6894567119698
508.60713203058697
915.9139578430211
601.6642979671947
369.58010391854435
794.10817471723
666.8458175867642
595.6283746041296
285.30358074728855
190.9007649637997
464.06107117355975
578.0603090230229
661.7361712340357
37.36218088846843
309.67511814682234
463.55662656209364
206.39879087829416
164.56868944027602
957.7569289498852
566.2657411408659
985.3779040020231
17.830513157773176
992.2153389434765
854.5715129695733
342.4179702074951
725.5618629580282
553.1087248521277
253.5911199060843
243.30771510835535
576.4543084855045
191.14452141267756
574.1311250188302
131.28445642468645
359.08544386875894
112.3623102176623
280.53457489241885
427.03139562976656
542.5091771077804
638.4702823002519
974.891040453712
135.94526235132741
332.03747602532343
53.03176745343563
171.37059539082455
635.7028891230851
221.3382332324967
129.67452298083958
661.9817569811491
608.7564197483839
780.1374591789122
545.7230859349537
533.8426585579973
257.23945029652407
66.22794501096863
73.12979690525768
688.0932729579641
391.8668913250917
231.15130268313922
908.3076598291019
531.8663141547715
721.7634485986363
600.8334745683742
753.444196414938
367.2729767027295
688.7574102044201
755.6185230375727
294.1023144798962
885.1486432176107
487.5270958869753
908.5594226422497
531.3905510037682
86.34335223440127
492.09017769263244
186.48820517963526
21.711871366980606
899.6303842607238
169.47627675565957
255.30261135931497
453.0764033852142
742.8453126101754
703.0259350709119
99.06990843237796
144.19053359287503
282.65738195950985
970.6099022449115
661.9627079411697
991.0108609188577
688.4138549288093
227.16454142212982
492.7058358513767
105.17842228375574
746.7868845030638
826.2908090495769
493.1272856162353
889.7248856117747
306.4919897328876
582.2654018473687
365.57024671258085
579.6694341010632
656.1356798425678
921.6647218072442
378.33740019996634
338.60082967624516
603.2894079082744
802.9037812277276
624.0027661604894
847.0667278969759
219.17576838665974
492.3431292196152
32.34009235619028
944.5678022109614
440.89184526481296
677.219593755186
17.78154940674137
294.1819436558224
981.884122786346
68.50682255574458
790.7337524405687
227.31902416451422
291.42776435870854
600.9145916293428
42.742663925854906
895.8347225247891
625.152806055256
572.585969642543
927.4130336105206
609.7072877617454
641.198350993555
583.6543717804507
2.151803500391236
770.7083405033528
320.36532066497125
930.6730184057427
70.2191532450539
125.97510223484143
423.677005376189
193.03144439053145
668.2349136291174
160.11818105698973
147.04600375361133
107.82505557536336
281.2020820943294
320.4753812694334
110.2850182683277
471.2455660061554
235.27346217083434
427.3488219716854
326.4882591310203
727.411191912557
617.9008262808532
59.53905284190553
337.8490086131419
109.65760336640761
505.6712402112452
925.2163499560883
275.2680910414509
684.6618752433515
242.04795139483525
229.14616956449208
201.64705884688482
416.37321269601676
500.39834506914735
829.5121029909257
732.5490954455374
414.57606773462385
392.10479967476795
541.0562371126928
592.9492361334347
862.012488828456
935.2189100543557
285.9837461273701
465.0852918260686
724.3424212880179
786.0332589431185
920.0543164998463
209.95916006038985
238.82198066770178
254.10888109415254
468.5104991321608
303.8278991252869
350.4311996004239
270.711048378253
194.96914676461162
121.06262540954049
718.2851602982373
161.26983114596695
396.1282801201388
516.0424164664838
650.512417665062
784.3957911966161
66.11949365891113
9.289649967711643
342.38782420836765
843.1453881845595
606.5611290865853
766.8420601135555
90.3572825379133
948.6450553931223
571.8449932538259
476.89597834254505
733.6942531661168
321.84617082386734
33.915562099109955
174.04414828928194
435.8785775068955
856.0980721980404
526.777524687643
38.970806629983976
59.39097429122264
631.3897999112082
688.1933334423901
210.25544805309593
810.4665444973015
870.5254416803921
654.5098950636079
684.9762746102914
534.453869906111
758.1620664185078
984.2795917516331
456.0926213736863
27.776361336317557
505.5533025659514
387.3173864338414
137.1255722757515
999.0951265320782
537.0055035932878
818.0623917158024
458.44434339074735
860.1235973467847
698.4679106214187
555.5890894380059
184.50554264301212
355.64611879085237
944.3416746620769
737.3395266569371
197.68113314366954
152.64378114592125
45.50727403620392
439.62468529189067
721.8502923770907
900.0328184353091
479.7334911042047
805.1695748891802
917.7191642876804
943.3723821627867
815.0455293830759
906.4534591334678
371.87177413638864
832.9994581910628
577.2934779078729
3.322760085397336
322.8442972409078
999.401481311233
805.0768928536272
604.3312883779762
820.0539192209611
486.23721199606285
238.34480001536073
273.4883024881615
395.20274184390246
429.26940998038367
361.40508641664735
437.5723220343593
240.8162024770023
48.57367347398167
326.7407055989401
543.8943305795658
336.8642865012913
281.7392826020981
122.94457440645401
794.3712361956453
443.95329999617707
827.3799165802642
218.24907371448597
338.99662026470577
390.36471895393254
291.123335256813
310.5398603665639
250.2725208852763
620.2567141121804
330.35082339907683
745.4081466574526
819.8924919536123
541.6333672006658
179.30861559760646
625.7091871063337
719.9429442422929
815.2248697709641
702.8153214689972
629.2595310711711
353.11594633196563
359.2122143546743
174.6406757835559
75.71859922330782
279.90359707331834
509.76771323920065
305.7326402987752
839.3652112338139
955.4705405687222
473.6727320203867
657.8214917050718
291.3931059296765
134.8775370943801
936.8124140849758
469.53089417487814
573.5140848792756
212.55598889343753
451.13674441490923
94.97774610221477
154.07064266525973
450.40942843992906
12.715955526117263
708.9440785704114
798.5251300567628
518.6449371373546
64.80754977629822
668.0556765069364
798.1055320825182
24.413545939384164
12.391296036539213
934.0039735216419
543.5526761314416
735.5660218309087
218.41746972163344
262.69900558986404
305.327418557486
20.30596604385748
367.0529394600741
442.343048732294
387.30053725364655
618.2496112976542
25.49826916404152
723.7659387757303
657.8620713383269
234.3778279934473
213.48869337971655
727.9646328038498
830.5510252913841
604.5923318866855
798.3804907917565
538.6415157400694
765.7202018487579
620.0652561397551
573.7632369249178
391.6366127153748
495.41517587053875
817.2966650248484
950.8280945643052
358.5017849390205
635.5605934004947
41.77270035414593
294.26032991891714
688.0649632040049
342.7104205843523
375.3419640999712
68.21460269109592
17.68569290408939
997.0339347011266
480.9057101195023
122.96939630745773
495.0032306085853
348.87195706020134
362.74303529538264
649.1468946783381
961.3312990147372
953.1132456296385
166.76937024476467
553.9232467156481
739.4543974874649
333.8039530876906
52.252623936365424
272.4432179880225
241.4323192393586
470.81759213979234
354.9887341749788
317.692740129543
566.1212600235193
881.0771717722162
231.66379400661975
193.37117891527623
491.471304083715
778.7348968072007
726.1075647925286
646.8449334823661
783.261498658247
541.8788335430531
730.3689819796401
623.0525250969839
539.7857895135077
987.7505344297239
627.0213983073066
695.2707650111092
371.1039092441355
764.1211306167638
493.8313326434696
194.9404321039261
571.8236292326133
501.3875862522477
627.9014720995027
740.2887382070439
87.98183359611423
238.1150367594297
803.6250906131545
372.2759043636461
1.44361611566457
32.16522615863704
117.26552466217998
46.43058517065302
459.34017477490283
600.2147923178
490.7010202878129
800.4295765610073
461.4178768479844
290.3814327768873
907.8518818474494
519.8154432497456
684.7722073464247
685.8402661564038
239.53312875774057
858.0346540457183
573.292169923294
661.7262102676257
75.95294932212082
532.0185759253259
248.242262476291
773.2828203398802
330.80308910155986
910.8179414954633
406.7602357760774
440.13171290766076
506.86456268954595
542.3410600652708
266.65104199590786
509.7010670842871
420.27837780851615
22.034780320301262
788.7086942774773
432.2653295788621
869.1071140178526
397.3864779609673
861.8990676045078
460.7129261276043
201.54066532695813
123.41416605413569
872.0885564152097
0.07217542813309219
990.0750477923185
436.85110332219045
91.60517580584737
474.9901410751969
50.2204064188807
900.5203803089819
624.7695697148946
857.7731138639823
855.7707418896329
784.4335972936298
223.63600432813058
305.2613275943244
997.3941320686641
896.4375053953787
148.5338442029034
189.7245996932657
707.2792995365663
452.7707707235704
389.6026877219023
177.13009199307328
629.8005609892425
587.6828358097093
988.3647922035996
905.5465634211532
956.6399772781555
141.3052573847865
902.481132567566
247.11444951999027
764.5317717035134
436.2554876365496
842.1877915181736
98.92466477079299
894.7711548975325
855.991706532212
773.5121123390129
141.31329860883278
995.8557246075751
171.72667455222535
331.2187170366584
26.493053489341058
414.1045946642494
729.7475704654486
213.53738099166097
16.10708192496513
461.826516554637
807.2776013004111
741.076668373936
173.20401765089588
218.58550097245345
672.5547453033869
153.92797826616712
832.2979806558827
428.33821778193135
143.5914060730479
893.8170907353899
220.59057556661622
243.6945524288583
730.1184014093207
72.26120144759307
784.096541934398
538.2791282048897
764.5053783388923
561.0415048443047
984.3285628759153
259.14808217574205
279.9891052116396
657.9023346149006
74.36067443283379
823.4420719329148
778.3296823873015
78.2402890058217
637.5041442691435
876.9328392792346
444.0546210125423
102.64731954791418
477.49326381624724
826.8475297781063
808.7387460743402
70.52440876459387
785.9931300522944
437.33133560477467
346.3076807943719
51.58283930623686
381.404872084253
433.1354893815927
989.1417760068103
449.9027980012653
212.3585410942094
495.59438237335087
94.79564122943663
499.31981238274324
249.94749681798666
254.6823880457355
964.4384617937459
94.26120496853207
354.67222867211046
881.9165749512481
616.6587405860131
166.75682060019847
697.2258469111955
671.0995270857545
154.0662039411005
868.1990357485583
836.667283328578
557.3714716279447
725.1629715939425
143.52941649956307
615.1923417699962
869.7689081059489
780.2450397778789
895.8803439086288
615.6271361133531
738.4623664959139
47.63370926780974
831.3018408391142
45.93188077835553
485.07311588322324
415.32668394582873
246.05526786881404
564.4177659481123
12.945156317813456
693.1964897307282
473.0571630081674
740.0430594004088
683.975056702059
52.153716279911386
439.40801260446614
554.0692517637252
419.5792387477216
789.2313100047177
803.5423079193041
592.5216030451913
795.6042736811903
951.3352963587644
438.3878932641584
353.3127925754964
714.4631280564191
265.4463903252818
606.0240641392766
397.55256840502864
832.5057745959954
769.3457579273403
29.679455369497564
911.4796949162239
296.61053946285585
514.4779105072039
210.51241016262466
613.6176123843795
501.20757964679854
721.3519483808749
759.4679880117499
841.1682496269008
515.4237101781949
807.9218630848438
218.60730574223896
80.32318542638572
549.7636473834142
782.6760613931391
831.6567054820282
167.08507938127616
332.7196412093425
596.7042143789891
990.1253522361332
878.3564336416606
549.9278274425847
182.7999098345149
629.1919361017234
657.4669907028144
561.9661546882278
74.69576208270223
676.6624465329159
773.9746292936651
461.6157143754747
695.8168878739499
768.6523776230902
304.48960637646104
157.38332411387245
634.4779475734432
837.2487505588388
939.4346383737245
577.3100884747839
481.23793448878007
848.2586313068008
770.069162191044
275.5671797240925
94.16558686081532
921.2521083794921
890.7684161833853
694.0666167129609
479.0579186398286
299.45981165385535
863.4634533420763
82.29141774722726
824.1931732579842
153.686359558895
834.3112110205212
610.7758796806892
612.988303850354
2.252542378409661
367.07859010226815
527.1437251780948
152.97072313669935
608.0806584373091
863.3881912154056
298.3378984482326
305.76263910612556
574.3895155785212
776.887302220357
558.6527394012104
680.3155123801632
502.0660021213631
696.5661979648996
340.4056519219018
60.42123300410085
494.6332599674997
773.8655187107898
502.56202333747177
377.56593566399874
0.8353972227835849
898.8766148824557
492.3535872548751
111.48077575601778
470.21167672467277
492.8531487593771
575.9072318995371
603.283813827818
63.633726578287366
777.4156469301553
456.1275170270902
399.89570555863264
708.6313390055433
905.2454998348135
759.5528429815196
413.45115049964386
118.43375343751138
392.7283647289275
218.6320920179521
375.71716589330464
4.005136021889566
881.9214300945374
501.8444127013906
795.0679985118151
599.9542870986323
377.3826802532957
551.3121911325117
382.3561640021409
798.0502055777196
752.8146935265642
976.033063397837
702.0573255119181
636.1769549291336
503.1393938399661
518.5842608426672
626.356754751662
625.9124901024734
429.5343737500923
864.1279778354534
22.383204031247274
418.51779101588573
188.1249330020187
92.77422137552405
986.5858824829437
606.9744188609272
407.44120019264085
889.8334218554975
855.2887742078844
40.80976600703246
385.4124535914361
223.2177261413073
166.74593602719244
890.8014180818436
213.58545630200564
573.2266873242821
727.5600436565752
842.2527142590078
544.4181845720542
957.1795033916687
945.116284407264
218.38420617023857
116.91295313582495
929.832605898499
627.7216970110135
539.4866263889849
586.5187838032167
460.24757405136717
525.4301091743995
8.832389480792347
167.1454261875531
86.75164385773738
987.0713745114824
682.9449794129182
86.29623591892943
33.858962955451766
242.79265933966
631.6762338608918
878.7414339108655
38.49739988685086
986.4587188233329
222.64384160148265
99.81632047311595
477.61301780989254
128.54740131152565
774.9324627169555
126.34416795535175
15.199614538177197
817.7150310610602
218.56349128929497
331.34709947938666
394.02848372121355
87.99606313926867
69.09051722827408
68.12208221217108
185.82941477651994
778.6401704795821
980.778324022624
579.9237132862429
283.4007083833905
694.878874110216
377.1754796393066
163.409205167942
669.1026415665771
330.45297839174094
174.49180963271925
657.1653304190969
526.4152226251163
856.5214981894077
411.04380468202174
601.0506477847673
74.71769333307788
496.61106356150344
675.1322512682201
217.75106932125598
602.1739149435068
853.5545972713193
584.06839533535
704.8602235587325
47.58406852944474
231.9066841173002
208.666040918551
193.9606854711856
139.29000747444366
508.11235136879895
260.3689370053388
132.5959090416149
537.6978538807236
640.7446898948479
62.284215615827755
775.6865810378769
647.7081935866594
484.4163857989515
810.7439294755293
934.8598305101436
768.3206023069203
173.50876106499558
400.6190311989244
127.32308701382944
28.90609239569808
975.6510674126678
135.4606957895933
790.3286466285784
125.11734790358797
179.92237634251694
972.6464695859327
282.93961224037633
212.13325372498494
281.03655287230833
564.0594423373036
983.72078182095
438.91077568050895
448.31069447732455
244.4309121509255
911.1436167154405
514.3441146792998
27.006020410816454
292.32782066922704
942.9068495853055
384.70697306034907
609.669402344419
242.86857315409083
891.0398918397453
571.4809699945328
36.39289438206384
766.6020429594721
401.5691765739208
969.649609474774
535.4471380171411
645.5856203473427
890.6920826398223
938.7633349772757
99.53476970718644
675.551128301753
503.8171317502714
332.5586043592592
107.94734097436509
902.1472116260268
389.4931506906772
707.6398004510304
151.20003179122722
459.59998158081027
417.1640745891745
327.70943698008335
992.2561601779425
421.7339932470169
835.8505265119462
737.059034194069
607.24343943059
498.14818757825697
270.27249997102564
615.5094042639003
288.6023988309059
112.44211712046526
881.5927321167833
346.71539498637947
864.8969866605858
384.7402742089544
481.8733800010567
232.72719613021485
194.05586578241852
807.3628831112488
884.503185234412
569.9263725442713
220.60237811880123
950.3439624685357
797.2662431516364
864.931893331481
52.4702837533354
362.59856304627357
120.38777962106973
313.79734181182096
709.2909793881541
944.8925816712766
598.8058642986686
293.79770514708457
421.5772659093935
462.37051981426015
396.082586279622
24.330241390701836
619.0181058865886
537.247832282805
306.7821880064965
741.9306338923154
36.137130976282236
416.37579827456295
4.807383383488961
704.1323723827335
684.8573553050817
43.739305894845984
937.0995150945624
87.87342084149385
796.053418600905
484.54842802151376
215.27202282683376
380.3815027436048
215.96151188478674
545.4368477889465
132.1611501571347
173.94493817461466
158.3567335920486
514.3819499969725
735.9411400309776
370.70362988429395
659.6960926134358
304.31207477883027
231.3660839617353
679.5703144914482
561.9647434918681
925.9691015237686
845.8640733679609
944.6195195634172
356.75219029169614
138.4452902405172
197.62357312145463
282.75795105188104
764.1240698701159
329.91504509284675
133.47587981082532
228.21635145528785
491.14418436070207
166.43419097624533
466.29201960343215
82.37996215559585
217.4406966268424
313.2803958517669
34.77565006986261
449.70079060259127
488.99925011294044
581.160302347526
32.948571262234275
503.9118615437449
866.4049858727872
178.7103064675002
612.2887772342085
873.4896139727828
370.0444979480316
363.0696629832396
346.39540637615187
161.28808038978337
992.3175446935795
671.9058270582692
266.21897239609206
20.494039963761203
805.6980996008787
93.12397116958438
823.3091159245702
397.5295038405636
985.5222345326393
982.593761614471
319.19652481492665
22.254478673789823
887.6707917972695
275.57827464353124
50.93940735475344
476.79909758479675
173.85255904831897
554.1513652633015
666.0290694851338
206.58127708651398
860.983704482475
830.741602161112
994.2634169163263
650.542131784948
86.19767002611344
487.0420367418938
929.8609051794649
262.3583483493994
325.3090903424396
667.876924035997
774.0017723554085
570.3670663990915
780.0943091578641
571.2182982795249
816.1474164043582
581.1654157586324
658.5399996206576
498.39617691801817
831.9027302995885
770.323404063116
112.2507688065929
232.64838861705718
605.8505305803866
623.3755445619717
666.4951863776877
299.507343504121
549.7007163902049
191.23283533012525
80.9093311299216
929.1224856926888
979.261756433754
406.38389335826463
712.6655509667174
88.46909148340299
638.1552572169974
969.7297365682688
618.9533059336176
780.4951156901744
611.858846670602
462.62415703944583
831.9083676192321
917.6098953534977
862.5769673877227
964.6675017760355
466.66494036370534
468.5197426268509
233.6023701497656
865.0287448124374
581.9954454520022
250.26721246518503
921.2463349186344
743.5467909679898
3.0404623697157795
691.4319983200825
93.07849739606222
167.58915779618766
636.9216133504785
127.8037039877139
543.1321098394571
1.6220050266296804
164.56841928880473
708.4375543600372
17.894307021490754
358.67269168765756
375.8795801822607
787.8560647011385
121.31495724236585
636.3422410366974
830.3778789571159
759.261192784961
512.7316859284291
174.7516980239886
971.8077619614022
643.9731170320243
448.52317221801985
949.7830156458824
302.66225981734965
393.9130249327949
586.4661681151097
372.20171579917974
733.4169113503834
786.7993963405006
371.18636377732275
701.7248540060554
761.285349978331
997.828303406591
249.75706062894176
804.8247293142476
704.6021336699338
416.960219773342
428.4134507165408
986.0351883011625
821.4758702914061
47.53703739789794
874.5149109153201
404.75373735932806
775.1462961668873
869.8048605718266
792.3011670970949
153.00973047114775
573.5164037919798
882.0195955352475
856.6527013603875
414.39491195843345
806.6213029515458
142.16376799499108
75.97956185868915
250.32951726887066
733.3334265506368
24.904707667589342
273.52702644106984
467.06361373171245
527.3933243111187
81.27611947089986
825.8003847632876
705.289904018095
782.8943293373836
342.6657591771631
477.4753775105303
363.9705793588285
200.63817713923248
646.0443231393867
764.0748357380218
220.9579361775187
229.3179192742908
573.9721096066208
816.8559470945519
645.2143321314661
319.27348908046224
900.7710197914057
98.76699449763183
108.91402490162771
361.6044473422698
15.35145585475739
925.9960702764163
302.43622793613076
831.7132545340113
651.5356121503806
466.548833819823
531.2343780550882
133.89159876319778
398.31917451354
275.45566289172297
230.79444842556995
652.3516758858124
885.366026962886
325.6235878395518
374.37049285107014
54.14257407951073
243.13160982452996
924.0117517589752
267.9129737403718
460.6821439823344
422.3621492481784
864.723192471111
727.5817666894449
207.17254149028608
224.3188469466134
663.7705982284082
917.4619284954566
42.95775202647179
440.92717806629554
744.6864128618358
188.57764412395838
790.9197447281285
333.1536315393342
999.8133538126932
105.02553455869202
680.2994725802787
786.2631568897294
239.0237698670694
469.0254980953544
794.8674948818153
872.2126086530928
655.781801336057
563.9139674787997
337.15853341595846
222.28690558664587
589.8754855694423
22.580387688067248
699.5232186903052
567.1859831369615
546.8101278160324
698.575193627593
654.0388611295502
37.12259965007681
645.7688355035823
668.0931513177791
325.8610226810673
331.0921098315052
411.2093048661181
23.263300980549182
998.3860314011731
662.3273205386074
97.58101585060253
430.6529105522352
213.63372961149562
466.05298909748984
542.3100600864705
523.6192739408866
77.54919831330076
216.00568120195175
879.1138015047746
73.12028701042262
157.4608689381073
337.7871237938024
311.87079916406515
538.8206878782473
867.7217189046067
129.9698283051961
548.6862895412502
40.80771301630648
779.5989130484179
807.9759144211394
426.4567378209334
11.956609063281443
862.7672508446591
271.1013499081999
718.1519667343335
791.962713769136
268.29957787851833
959.6597430709859
108.1964766720429
206.28357217220673
896.837300177326
217.07072701225917
845.7464031057502
736.7109663896122
660.6631129505973
900.8202581725682
641.3222408785239
235.01949473734473
44.68643822462393
596.571267512454
959.1716089867384
257.11482733940926
298.89224299124095
681.3048095116237
975.9001741200015
2.3310952439028476
353.59166378777275
654.2232876276585
125.32363324488871
531.0039622099905
338.85330618514377
608.2493890514814
330.15658839677155
403.17171150190666
410.7818689668664
450.3049354542474
733.069328400852
132.23423876478935
439.8507802162859
495.15658582384117
982.8068646593853
879.6252871592279
0.2839815934725376
355.4660103113477
905.4788081317748
630.0309286348271
14.521405875081218
629.784247318069
696.7930324362467
681.4129237957122
353.0916457400216
750.58095645683
607.919619744131
660.0728032349326
667.754226043424
496.00172071485025
465.83616466324906
428.2185338741542
744.5631697624907
91.89712407156858
268.4190602552623
189.97305754192695
703.5426976820729
534.7694781517233
525.2100405691438
821.4892394794826
442.9544468780513
751.6348262684539
976.7007257215188
951.8136398513578
828.6752914898486
479.3985001774366
818.1423096782167
603.3673873980314
262.99358518476555
294.1952924742629
578.3017150017342
264.3888391977599
432.17058039689226
50.24578037619809
359.2492000020353
110.41005643625668
228.403242697645
98.13269676358827
230.17664464915222
717.8147011044449
69.36331351784386
44.00212415308158
186.41027915331833
19.75239853955335
97.27689021809338
484.04668186789326
234.19460554789217
443.1604884262476
29.54755868357928
102.72837369366172
842.489438113567
135.37115899710983
754.2154371953042
758.5515052848317
214.93556816436353
939.758228960008
116.08329841865283
697.7965375629454
578.3081817044126
312.1044416219708
723.1302720332802
834.4781462545126
958.1923744802943
682.8468273565384
17.872510329020596
113.89187500028741
718.2777158692854
865.0841163463131
304.6191296503035
337.46544787378264
476.584368992367
984.2068202617576
901.111317932868
468.2323165178072
880.0959232659401
62.237121385617435
91.82087499742796
359.0968044785643
118.68930603402816
828.442259671321
100.22410133808523
50.16136771654378
989.915590616573
547.5117966414201
868.6556376945616
266.7384760158996
788.0994740457564
657.56554265611
36.886101645149935
516.2708853784472
284.3900165689707
792.4855377492325
144.3564088424548
230.23574896309373
588.8082940697433
326.54206732367766
746.0406096446362
726.2097013850879
741.002356064842
924.010242717438
828.1983489046469
375.62328628593275
463.33393659230046
702.4503171061801
637.8169523131456
254.3348933031163
628.0848672216771
525.551266869047
798.3321635868446
726.0060126532376
639.9858787338221
629.9140073707306
374.2558072611308
862.3610587891645
115.93431986673852
259.87682741869975
368.6276997502406
339.7663931119893
955.6807894474208
235.46258934669805
989.7477382614462
468.1649663489291
140.4300074010093
410.75350634157024
907.4340959345006
306.2549059257049
370.7139403975522
793.4759779560891
634.0913553522237
395.90076823976995
960.5602262509315
691.3045022939193
112.16257247170336
509.11945602159045
241.8925674326443
626.3702381257885
567.0774173260005
942.5826786649906
101.26388065259829
916.6866006169138
693.5983224268316
317.4304179904407
170.43717915737423
761.6801334207021
283.5050789330249
546.2913088775143
622.9931142791336
388.7424451282366
473.84771500597003
614.7570327330708
491.0572002657058
318.69478728883513
897.5364739507938
91.15958631506093
909.4036339065068
90.28380506162182
151.8267734789065
826.3520776652473
718.607221811809
847.3031281671547
165.29588860181266
134.29479956182945
414.5783211547088
36.662905146575994
240.19766824851462
854.6003632115509
518.7300300131419
91.704720538756
774.6199325384687
89.79286762214423
61.191281787275955
382.28714710997593
927.6590753549077
82.88787864258973
18.892767719199455
901.6427202454049
780.8646862055278
655.0013380481669
231.0176678357707
129.73428314121838
870.4967461659674
858.0474752621236
526.2222436780183
263.81515964300917
317.67637336017594
14.186862229843111
539.1961612618798
539.123734681063
167.30077184158932
111.53754492006773
968.5460492077482
676.1204440873173
961.6315748130164
604.7639876653138
833.6500877230923
585.4005433811392
20.755329529705048
29.509678715483044
625.0453111408593
337.39383903210575
379.6533459054334
481.24106767402486
111.0734903610745
61.1882063878012
840.4077291575476
931.9220395370073
962.9255394826262
875.2907323696061
138.1094251500833
562.0397632923133
290.88833334437703
172.8666518293046
790.3224658198342
770.8540831275426
646.511897840354
584.9732054262727
802.4989189016673
294.3443624968004
38.579291744463504
727.5314352966338
35.52685075817508
908.1793538700738
35.17491548073182
401.2561517290578
706.6335228248762
522.1369817134371
79.81200690405244
258.4906143626322
191.15455923272995
82.75247426917309
736.4930212258455
76.8688734582681
20.219612872597992
592.575329242945
696.7415544494054
686.9555085896312
728.1929157717831
727.2664210257143
31.058238420198503
289.4889683968739
993.7476167185652
985.8687602843761
347.91684764335906
367.58143699178345
339.74059037638506
44.93654195547769
235.33119021127692
650.2041914231863
509.5944991686331
3.8091318241783023
603.187626373188
615.5149309749387
521.6818167383739
506.16745880323464
318.9514638033599
836.0589170922598
318.2461375733181
302.1128948776456
835.0201791531892
62.60349236852514
871.6832770577031
675.3591537408003
342.91013112762766
319.3412673325421
588.5454729198462
301.7302543473085
357.62781513672417
440.42416360427796
860.4199954853873
528.0084218535443
534.990049905173
416.2672253293286
650.8727134374446
764.2779457438505
955.3227476076717
637.7872106242739
78.93663064715129
668.2620246567546
68.88061588609628
627.7180305895397
62.1640202865098
66.75180921139501
991.4953090884783
130.37125262834215
216.05003988751847
107.07774929808356
863.3730298255491
494.6869005878959
371.6748106043518
960.6754493324266
539.626764653989
130.14578906601926
269.6998260643868
511.149611629922
968.0424445060979
441.0916794628148
216.39390631247412
850.8410046920001
227.74232159107777
52.23785286389104
746.1527022809278
82.7534301596774
351.82310752133884
326.6092728975884
625.0148353214412
878.7986211503047
737.7100879032016
146.89839011620276
850.9672140215022
480.66918042515096
160.88287258071742
682.1884025999408
659.3704613842285
346.25067515497875
150.79251074467103
394.22543050570533
925.6250042557152
442.3361407361535
762.2032025010617
850.8967853846835
772.2373162893349
263.5070206672767
580.8567401877552
9.299417714620617
633.734631986084
17.397231378976088
139.2711335023318
506.75912871153827
510.41578829280775
58.157417792192525
786.6495627883259
155.3877566421137
650.7146885969821
572.788863698658
456.2891228074187
274.2419806276172
441.99236911710796
729.1177221604464
704.543804838573
712.8741478538312
860.8619021053734
979.5321572632848
857.3093162187205
421.04184831837375
436.6904486920923
981.2056429751503
93.16209564165734
201.56959471654002
315.71090661576864
641.3825493304156
816.6984482439711
846.8328392833517
678.2154799864294
125.40264132047795
731.284287199802
204.06061639052098
457.59168745488546
275.4930513228454
607.3393824528287
840.6299487679006
37.501323479693596
779.958082118961
860.4448453337857
887.7517085949456
362.29110361696604
605.2482137867025
702.9758697151473
329.42431452241175
685.7634520624192
657.491965465576
813.6264713724339
473.2576076706344
4.724535248129658
375.4248070477284
181.10655435418045
590.7468232905638
76.2657439579757
973.2524028793083
21.456053363235085
746.8020496781311
801.5242142629123
349.83512419874717
442.83455999648226
651.8160548220059
673.7067009157371
259.68412694745456
837.3094369106756
964.2791090467196
934.4501442603379
201.60966614281273
816.078886317428
847.926925459223
60.13176711534152
622.4642818597373
872.7310475381947
744.6332646199313
208.53010077744517
456.27522708374903
858.5538814088962
262.7364715794304
296.27763818558094
723.1617758569108
784.5747727239701
800.2148066043925
448.834938422585
897.7846111973495
426.92302841861607
23.102740060470307
667.2549154027487
23.676450541513905
705.2721876604936
601.7663373867886
689.7952116386704
97.65411063366003
828.533333539461
671.1330844905244
191.47552346320728
77.61413200861233
757.6346297457011
325.6970467810175
660.9658348275933
977.3654300690285
622.1364273383232
86.09833347951701
521.7308967177183
903.7542136249552
345.59501959109804
681.3006860336686
323.1444831121891
564.187793077572
884.0028229650447
678.8689137251835
117.32735971287633
726.7655150394248
162.29601551103224
465.5738242923451
458.7503924117351
350.5767590785538
5.835525187422919
831.5289993109096
816.1848335870569
620.3271343084291
106.93060044423008
943.2902597109046
570.3695804823296
917.3060896263494
340.88903891199584
804.8254031876653
185.8051973086755
837.8101941813085
551.7412784898179
399.98817634672025
591.3729315313022
730.4884849943357
264.7004554243657
586.1070513491395
282.01653216171485
865.6769684614076
650.5842407792629
465.526060585061
162.51320330990293
272.6420886129298
466.838240325669
400.41139057395293
694.3995561145737
484.7534310489152
630.4648343286484
55.863796882345554
478.40727263355234
917.9583195427873
540.0757664774035
857.3541290375964
7.302215706875836
374.5317955375103
257.4502838107865
30.72493421162614
957.809924103059
211.92789329048668
183.39508927134762
956.4783700953328
55.34924127919139
45.65879739827228
918.3662755630623
914.7968335746956
241.58540111853856
465.48076251106164
585.2276275571749
423.71950128580295
602.3522382995375
135.76657719553788
9.683361221096698
280.12438249037484
272.2829420030549
823.7966665413547
803.337985151976
101.64207021992988
322.52723237031944
353.8017604059713
574.9995891284425
637.3540240762749
459.2225575806207
219.94217777074687
207.7570174707476
366.10480823918624
212.92529282364458
608.0097189453982
382.5256710896915
933.4839430957817
182.99738478428517
873.4907922322043
303.17046015844693
792.010204871169
815.9830109276367
102.72946841363873
883.9786530329509
3.7770150265288294
143.2985969674666
244.28213868471272
497.1694105271841
540.7948461206161
881.0987332831661
439.15611910666775
746.2907175240312
575.4925318854596
303.96965997967317
601.4764884915916
630.7688669204452
192.31653964419326
344.14099115749843
5.226804192911438
897.5390494454042
671.0930053929369
439.19543039202847
618.0611397546562
337.60054975269225
993.7948943326069
753.7952274999499
189.7862803966922
278.503191616594
508.5823070801665
534.7331755063922
650.9644780291131
548.1863658084234
748.4611463803693
523.6552549354733
206.18874298382173
741.2560675382202
246.63151297761243
548.0909146759428
616.9343988378635
705.6985830868483
816.5739515208362
638.9655539318437
560.4917747208692
786.1950011788105
172.1484517183529
281.56018392275337
624.3369911676465
509.613144831489
951.4569429574279
696.9206134683686
449.3989035478821
78.9189184371777
177.94750995856933
372.0088096447447
771.0320107035095
253.66233159188923
943.2145586018105
409.4277884802403
623.1069494064054
938.3578590338083
628.1755970915676
651.3401153947112
768.4811090392568
74.49281997713553
292.78246614117506
947.2397050431031
498.2143592910954
237.56134854250266
959.1508306081079
381.5251831545059
302.24536997210913
677.4358610384313
388.96853075184646
754.3625758132425
555.8468525278054
408.55172206281065
613.2700899485981
118.1138107761197
289.0281563721281
355.79517245501256
911.140929652838
711.6466280513243
310.1566573028259
492.64837554980136
153.64163512148133
206.13088387028645
440.41969207476563
370.05942392283885
430.21929126136314
778.4648502828973
382.35139967583495
427.66981861266737
657.0989453839519
162.26428810208938
793.499494045805
3.4451110860234113
430.62550039682037
491.3865504962291
465.40921667388614
13.41918442374135
733.252384041261
447.2503872702046
118.45298240950319
860.1763919366326
225.85014415281012
948.7515966545668
214.63589392866677
246.859765075619
767.2345838904296
382.36370721931803
363.3585549525545
222.9078672873327
490.29084500293095
160.0518249728059
349.22083042235505
968.3866229087367
233.79586879198288
213.91678390712642
546.301148220883
535.696707879161
380.01898475113296
889.0260157268847
499.9475786502425
10.600913202325813
180.40619449139305
579.676480399332
754.969011406137
328.9304450050253
465.13083492437835
369.3741397349248
588.2155168962903
290.9925291668348
227.01954419423453
881.1031557971351
163.88930535696167
152.61638762695551
946.3392619422615
521.9978638743002
771.5287223047537
539.9380548080301
680.1571949615097
315.31870029799103
229.45939447295294
334.4393330449966
878.4626857630103
552.6729517184326
240.6085343888168
605.4195844468017
608.966155507604
570.7100205598128
472.9295257727563
628.993362732415
373.46700585510473
59.060093172078275
403.28570629601626
525.8712380026936
980.9088710923573
440.0738182060304
511.49374054247176
74.59445745033311
5.71718064451443
25.960372883608084
240.32874523010838
812.5592661013106
204.74059294726266
855.2092828945928
247.6446159982808
624.0796413000757
892.0943754524696
337.7216654438888
868.3645107125108
632.9020153200763
678.430470674373
96.864639645869
376.948645116553
365.9994111780861
169.6352384138955
686.7020702927202
595.0472026963921
836.1362362283622
189.68295132244285
183.94411969847357
624.3982469461204
402.6094667655012
843.3492417431646
6.696741397657191
1.6323819112534776
12.735713963820228
266.71531261088955
695.8813467420348
369.4965375531436
701.0678642178899
226.87064038672034
810.2344555941748
838.1118340761038
28.988726352678352
826.9479214566771
532.085402322125
570.231427607962
484.24409297498426
448.60105248444813
58.649924474714176
766.0657936992044
728.1401975571218
721.2632911438712
362.36607635643605
146.0950799068057
977.5462510099736
745.9991019206406
443.8382756719552
234.38868927977452
739.5053875336512
21.49031222412734
772.2441567754845
230.3050022651175
578.1724677609001
520.6731497381744
210.59798409533605
23.044649958148923
586.9606649105696
148.76966343263888
357.05349519492813
951.3830400433617
763.1928618224359
376.9335919496475
898.468298986554
240.00910679313415
538.2182706237166
190.4569937746422
268.7404716647792
654.248625698454
302.8683987074202
616.4609516847715
631.9676783210671
806.5526467566675
886.2908061831185
3.2198895175862274
969.267781667113
720.982259049046
595.6128388988834
911.7457738211893
838.1392540695887
716.0233557669778
604.5520931393477
949.9849266714209
194.5283695732316
401.4158662204433
191.00386583045915
130.9568555118188
520.3098025936926
601.2840547195126
566.8002940844564
368.3910089566265
382.6757537290473
313.7058395940342
817.2498596873933
536.8938878111154
466.9681617331318
395.96043386882974
773.7298448987295
118.40549300811576
70.77731988828617
525.045503584558
479.51854822707753
832.6809151534876
24.66968061770103
124.65660127942957
277.2182748426352
806.75895063734
13.69634387453733
372.67271171254225
445.5336205317123
776.8566804356756
313.8727406187903
107.29408795162843
743.8343524465089
535.855166758281
29.109610764392002
435.3293123446548
184.84572115653708
340.5181804999385
16.613672703140956
112.73068377941652
848.9733879281919
274.8123941630137
822.5662052081823
315.3283748338186
578.1839627402979
629.1738052436706
114.92620646149942
246.81522890278907
943.0265398730922
200.2922923891659
296.49427312533885
141.38578677196233
963.2943074861679
41.962020073837316
208.91203684499894
610.0348165678794
680.9898302470169
604.7726389201878
97.06167956816525
952.3719129215788
833.6709779315271
390.89225550449623
293.36821919887234
9.910390496353116
556.9195143105687
219.9202176090136
402.7970426160835
372.1403363208978
256.587195260758
952.7637773512814
121.87812018735733
263.29727483377627
534.6397553746169
52.71990551080419
208.87700103892092
235.58918586433197
326.8315173381697
676.4192087716925
537.2720747836519
873.7465973266761
216.10916900924792
82.01657908218974
610.9866649778728
76.11170577454939
222.55588845069119
17.98869367190836
397.3636350031728
119.08409164394429
238.8520003811886
413.1257044705078
842.6586528972938
634.5923982822795
679.6418592019648
126.78102255167667
974.868298161458
834.362425756814
843.8609389163669
738.1690167836216
69.99756719840356
800.1045083111181
950.9911854050257
354.47806048528605
960.4103395646393
425.34323681925656
805.3768794771833
199.79169695619325
197.69606425670204
642.4657998816214
567.1467056216538
310.2885375398543
447.5243617423489
897.6653100356748
163.9528056145124
5.916922111777634
190.24846975392617
446.80813226163906
464.6504438030634
934.7176679888074
528.5578184303336
936.855000001349
454.2073201508459
393.1945184115764
662.2685495517596
910.3177632254333
298.5443523922788
314.60862136887965
380.3805368167752
324.3351010345152
368.67457397150093
786.7995103328296
741.8175434403207
911.3019545037565
5.42076900273103
212.11239369489854
968.8076527217836
224.58873437211113
49.156393951789724
254.2371240043344
460.64852811625747
510.73891854614817
933.4281286932927
530.2419156161659
750.6422876978619
128.63391485568332
446.98336834765183
600.8102844112235
175.27373081353315
96.46655501774892
105.63868457932269
187.66714699437824
2.243838828432043
488.9657896625862
443.59075763287194
704.4061566459151
772.7607928865087
830.1667851838966
433.1841736807076
125.40691273051219
653.5287094011161
331.1221297525796
672.8154452180019
937.2575251482084
665.1642098876328
807.3015062995087
944.5659050749903
418.0740579572585
756.3092394741541
377.0287164076679
236.32069755436046
772.3357324747856
826.4983721224389
590.1564302641289
347.54530411412065
712.330191514498
965.8772398295603
465.28076232883154
753.5541806484289
922.031142904453
376.1582608608089
24.14914903461174
490.02141212465943
465.20585821692174
664.7385514330706
303.5166296878842
437.64626326033607
606.7774128351242
462.69430614358697
497.5575047918066
536.3012933935846
704.9429974271541
607.4046390137112
838.0400367521692
138.65431458207277
801.2758685550053
451.8472900001494
54.8247489142456
925.1698563101119
287.0154464870962
215.14746951969
775.8470378320725
545.5595572825515
555.976370201534
672.7499425770475
23.597485798810823
426.1652714336772
867.9839963435611
899.6242726593046
44.21413953241859
988.4225189912772
741.4704931039531
226.20115224623027
65.65287813080589
860.4660686753978
69.8420037900762
44.277905292347874
223.00360708972545
532.1034866455537
813.4539045119717
608.9192658296121
811.8711915997914
302.79647634277154
557.5082986289223
522.4195435405761
234.8423163258092
302.9541334328613
445.91353593839614
157.68061607532636
491.4100588060635
830.7559128715761
2.122965492193818
880.8996851530383
828.3304806711935
239.88658119229754
130.19621305134456
567.2495960602408
215.23653290355426
137.97917164298823
152.80280568117212
568.2737166082575
639.4362288092045
711.2261797654285
87.61499154444196
986.0063058953668
824.1735565931921
577.5333363697512
489.5124983470524
836.3684372709936
866.2326827691713
688.7541842040537
93.24918291777439
443.1785309929895
461.61650723056835
451.95785569070404
179.7076330729651
194.1557578326759
842.1334300632284
420.3466485781342
58.594549565995635
611.5836078855779
281.0766597287857
616.3537772045988
311.4061770727178
542.83964497827
42.78280872713947
792.6158141489381
470.71983937088294
159.7871082186537
948.707444087172
710.9287409458706
625.3440498772964
371.06274557550324
311.7572639380888
824.9600349791677
35.5858933255736
197.58406827103136
850.9698847413184
589.4036654780614
218.87185301228874
639.139008198373
340.2339342995395
986.4288391200903
123.1836528499719
568.7092550403537
167.59350834705887
759.6874658372442
944.2483008774059
231.21820628964207
685.7828531259737
276.8090417875648
862.1472332693332
994.6828742501694
219.9887421153993
903.2262654923694
473.9868713400345
104.28907565501488
865.4388706635507
263.33833730363386
981.4983379614499
323.69742900551404
755.2674692906257
789.4330019706217
255.91209397192793
512.9269482419556
308.2095261173061
514.4526363928628
747.1782616008329
388.4527081479471
76.02751801943808
151.60382125949002
830.5813909439448
938.692170212752
202.17550441214848
121.97325523512536
591.0237793570559
226.8445012782987
176.05769804927684
340.7278535376297
233.72901516780598
603.0859685757455
521.3392434566044
253.1403495238924
279.84313322275125
669.4137587277552
292.1194520763313
823.5958191224843
456.38812735965496
692.9693465791755
767.3786174092145
923.8987967892682
722.2483005697178
547.4620542158601
531.9614158064294
841.614630881455
185.34737034987447
677.3518136925903
211.46149268452385
434.84273397031694
760.899927471982
25.74003122315638
488.7231249126559
796.7335537532899
296.5981983807813
344.4558954587207
671.2776873178024
161.2250652546323
547.8210895425306
813.6146684653038
1.8841853046364099
180.8885884375837
824.429163254463
437.96389376464316
108.44436139343716
638.4381546202741
350.4361212615266
258.62191883652906
474.9150182334654
115.37103477983202
378.8233331159875
21.352880068031045
581.4411977927755
134.37196594396016
885.9909075107234
576.3107285725936
409.78565310940996
816.526715645414
233.81541081270063
949.2243846767396
339.2317809459734
150.05581295657288
532.010572818085
720.2849537482355
68.48847839068794
554.1920179756252
559.4642582282671
74.53504028900603
90.72698895124486
539.990302284835
10.45117809416507
646.349218112174
421.7315947838086
919.272866740684
520.0976990059698
70.63411390128782
735.2472016268362
193.57505816550824
393.20147212296087
974.6649239008261
794.9587630701607
466.87330257289625
211.48531351050715
997.0148334915322
89.13902810041452
469.03928145754634
526.5910319173128
303.8229737238879
871.85216611624
51.37922000135542
659.5959121782874
987.6848251867116
393.7032894459674
821.2807836926194
222.56083175098607
680.7390500844781
965.474491472266
419.9043915567786
353.595468160685
691.0629025985422
639.5902207432241
315.02001979822194
814.1529102536315
980.2780776822234
717.206308247416
880.5040440952147
35.74232207012673
340.3076655972553
992.818099078474
964.6753190273224
922.9749295116001
198.51370761140407
633.6352074135264
111.56326907141533
720.8353577770889
582.9846063149522
857.5717759518514
92.36551735380316
536.296228505587
913.5295752624047
121.55264197258563
428.7655554623493
167.87179070451884
448.9778874535694
360.9372535547398
145.44634732984153
741.431306389109
417.66808908220696
931.2152565148334
76.04848120248775
276.5707369543351
85.55287229079778
294.7284928097212
664.9867663127368
715.0673602905305
275.13333063881294
168.02635203014793
356.95223181095423
131.41843730272583
138.47592163626743
799.5627043954289
346.5913182870157
815.1917311862601
308.85427763075336
282.79404453153745
672.7675126855888
665.8921910179854
908.0973955703116
326.3405416167315
384.9751944770587
873.2758601760887
270.51426718489523
700.7225158620587
783.8891421422087
169.51828494174214
659.3045167786537
660.287319682738
543.6977676011132
34.37164596119213
697.6535890865382
999.2922223399806
860.7812732759259
110.420995139061
714.2499066554594
42.711359878079726
641.461212807873
742.7769176144818
711.7507314042426
795.1855713722288
140.9607924931252
996.018356340205
206.7623243282283
675.6361121811871
396.38023601565
720.9257122781493
761.1891159993136
750.414401077502
258.4050290554789
244.5212474883185
627.3458295589
144.4618493412101
819.6292321226731
39.160124032150414
563.0151965596734
357.80506524394406
561.7899733073102
289.89195800239173
537.6734898927164
543.8135040109149
599.8732439858287
624.0396445364763
747.3944660754016
415.99804725862623
987.9654135991677
392.91834348551623
83.48211377953407
341.7308070256532
169.8886944590906
802.8443668101825
958.6712389450962
354.1176743657264
307.07300331440644
881.0601899732068
184.77383946648885
267.356888643805
396.78052315927334
731.9283229273133
416.9388961913659
816.268624922662
805.7137946715069
789.7235601756711
532.2314115639916
757.2816871033071
87.20154378816491
806.5791407281783
194.02655583215446
166.01541840925026
724.5711836537038
127.61976316054646
768.7528931275716
745.6964380683745
748.9806164257699
400.04020836973007
707.8085216100797
821.0009028563228
16.895854892719164
238.86502640378814
485.0123396837417
833.5154030565155
300.5657858998456
529.3519117931093
188.74259878635957
577.8602498238282
244.25852929714165
984.4770422686519
907.9525481208523
121.62114767284693
669.6885261610461
295.6677688536606
122.54392077415133
337.5865982547245
675.977378923726
715.9248478200645
411.11620570743077
243.38963950052207
472.6554876380158
196.7019730374202
922.9000698440698
891.5046710701783
908.625651111836
263.38820258374517
225.72169372000462
381.65124550627837
215.673850248846
658.9645206866622
338.1339792145194
678.0083344690177
572.0263887310468
411.38252827659994
981.3897442830364
305.24424898720514
709.6168206042653
387.4402781963192
345.7209585531519
670.2188782823741
938.1400493324487
584.4059998008454
955.4272272547082
710.3166306416115
639.6349960993675
380.3679917405055
538.5658012108598
804.7196669714941
499.25144066709225
715.2646503627088
159.57431791525067
401.5329051534486
481.0205144088612
706.7757524531518
256.94663558958507
611.5239023667524
831.8624682661128
518.7322662726748
643.1213148409709
98.3417653237486
202.72965892857508
394.42907608417363
970.0311436892243
955.4314830119737
312.696240828043
643.200703320127
641.3012618631288
901.4611388740166
449.9704885009198
25.84773007557173
660.8723233249734
48.93118712203615
503.2197369130084
422.97724381716426
447.8648446604906
704.7367154288435
147.26167605709983
890.0477427503664
218.78891787149158
146.8046781079222
269.0903924248007
203.8853191084329
140.74347001555032
87.53036253816305
713.3687296330033
787.6646903058642
93.03780178393562
582.5882840057076
950.9335665113641
464.8245833424045
539.7071845477632
472.7944658946771
329.52396665608154
837.114703754738
711.6839151388251
57.048997609592924
152.8565806408141
207.9466856526847
24.923303700878474
585.988545551647
952.3364373118839
879.4491797467092
419.57423823266237
338.8308945146261
965.105908503916
340.10309162322795
95.3221917308762
499.99451857270293
12.797877314919326
329.55968956838
939.3220029782973
787.4281700000596
687.2738298983319
18.221114921532223
795.6766073639832
801.1866544450644
992.7913999825714
571.3891373092255
609.207445872447
358.6410888165415
368.460299231115
181.2644131161385
391.3003927695967
661.8126458418875
320.50861305596413
244.80565404071731
901.9012918237787
2.6712350725960343
730.7970943034034
741.4340862107688
919.2732259913957
853.8417889110688
276.18172860547674
21.795241743682748
977.917251263223
615.0118719958549
292.73958623185626
157.26705659452068
495.09746035062875
989.4369713477023
849.5370443687983
719.629467566358
277.6997570788322
950.2902830522366
758.5331589178843
361.2872803445846
503.6934058864085
523.2062165583601
740.3755974494205
848.6647064359765
406.25323124742863
159.2178222421433
990.2599392941814
264.866744252386
53.63906889642245
301.39035551452463
943.6877487030685
942.4287036151297
814.2190257489699
858.8042395830718
128.87259108812754
312.95202947761436
323.5609058085642
693.1429545829506
610.7075210917105
267.6512308972234
29.306543702718457
895.992240565706
680.6209748926016
811.3128970121433
679.581719205605
589.0588548634491
127.31324916697073
761.8947197909752
441.98437983733294
214.86898715391789
635.2781963157751
998.9690260355896
692.7318722537998
802.1073544643255
601.1806535352275
296.4412505075058
899.3381873996466
487.6102234442635
932.5722845846824
88.45139759742227
435.2301207208995
656.1265904116357
199.09453238777397
612.0921153760953
611.0011329659924
419.31380061062396
843.2295390863964
746.5541790358827
684.5403654943358
797.035084567271
25.825504323288783
525.5363578538991
121.06341529284104
886.8783662059678
81.0360916954117
738.2336984261775
914.1105428286636
511.9168537898421
485.9778529849612
253.94418538072972
349.86710455138405
322.0839551939798
712.3237298216472
706.310729546655
199.69987327663773
91.13632438485308
320.2148108819716
955.4420074214872
959.5923533997322
999.0303446400802
179.28623745502216
309.6320284549118
420.2006939835947
18.639309517107794
757.267668193798
833.1248255839895
547.5414821065239
136.08960396077606
3.5325897136623263
192.3477668456386
381.8612517617048
25.596177873127846
473.1346341451187
400.2626004949161
421.02696682786865
972.529023035833
986.2833252269191
506.96094484317945
744.8155698650563
292.5436734122011
298.87599321197
754.3566874000669
957.7698108996815
229.96082773046822
971.6159624736772
963.8048398047482
880.8267286292378
335.18137293281023
868.4117743195766
957.702600093197
805.7142313897853
618.7746341640551
489.16628359603243
629.6051623831437
41.14976975392348
358.97942755757316
647.727901597807
872.1154112064696
426.1653270363489
299.70916303124704
842.6912251489497
947.7828050615528
463.4204228311001
117.7532395873192
36.89748443892271
45.47399631272386
734.1555480583323
460.7193366753677
460.8999534368199
703.1535638366406
296.4760203596295
561.3620114000754
486.3232079729991
497.7403181138872
839.9465222057969
419.2950939554567
576.9591991736522
903.6810982421252
472.01477749704634
807.6868252961682
818.6072507376836
504.1101146279261
145.5724077130397
910.387963650435
553.0791683475022
801.9393986303305
901.9997655363809
224.04498979953857
197.4546534047674
722.9511950992427
300.33090283931506
470.1020071132591
416.58623068573974
528.9409886510098
630.713554193229
653.1964081740225
435.01699002333226
266.1855212803961
769.1283434304249
75.30496975285072
423.8887994593058
62.986960481578706
820.3703061762793
69.09871211527685
579.0819601681407
559.7714044699277
17.5850554388437
449.3162595072565
718.7424028568877
506.1954358265024
699.1908893445823
197.5671026416176
971.5154777815508
91.94219711984442
567.8071181641762
693.8277185456895
401.2203681177403
891.3642894696516
850.8479612881287
886.9951270543878
219.3625531004606
396.8572804063164
428.73095102077474
157.21363499955555
573.7962900174358
991.8248103537609
474.1866735914063
264.29292258699013
770.012925058369
871.3221810625605
654.9470360565058
699.3860578176638
180.94465274120864
856.9421891248685
492.12760043921554
961.1988054359143
31.838150335993575
272.2336263180457
37.908511026660264
763.3518987986278
708.6656798816281
45.91920164206431
638.6581125191187
946.1208177492794
231.7058903836966
992.4060796703493
183.43177226144093
913.6279072473982
60.34071454003953
782.5595361839709
902.81827188858
746.6642379260923
450.77799083044744
462.43566319134766
479.39435274444486
751.6696958351276
175.32462895160205
503.64667936687044
958.5876699268497
98.00125701980878
529.998459681023
276.25819535858443
707.5371922888338
368.47137249588826
206.68100681981838
523.5948308576404
459.5793361937105
302.2394897010725
786.6778120563057
888.0570489478251
303.2768856035737
744.4916812679589
324.4668883530275
788.0280971725394
327.44713286456084
833.9448445703835
733.5795824045744
978.1776250328658
517.4345855521824
757.0630504510118
460.9729180463038
938.9439950607511
412.912621002923
976.9759065633099
241.91568800548524
835.704244486152
983.787586980623
705.4399203734912
564.3254095297524
164.11789474333804
158.31795490087873
527.785229579126
839.6567501684443
355.35590284898853
446.35000764645815
513.6423691619042
176.85644319812434
553.4042770443203
140.6108727049089
850.3443120958777
86.5635428570044
496.35715935147306
650.2885692741633
21.25146096038111
404.6482203700995
934.5913080246604
623.6679148745475
817.8483617079155
217.3459061089892
300.94047929106495
650.3800517309064
22.312476553255966
594.6581249682882
411.46473181573964
498.8625719906732
426.35712215999865
494.3553163357186
820.1359354714715
40.91635629246615
962.5022794756713
285.83045569797605
76.73775662646275
242.78394956846873
115.52790606691144
961.2175030241007
544.5049231868917
860.9637137406929
454.717163829473
250.60131696856936
622.5025993444473
771.0129121621904
81.59715904675757
538.8111176604515
187.4740254212972
178.88198071276616
23.237325130688767
693.2027432944723
820.8605201676257
316.861272065037
117.76692942487665
654.9990157631604
918.9249898437938
610.010582395394
736.6242035483102
921.172523067611
97.38615424775266
713.980947638357
767.1522339604189
849.5179268750646
396.69763227258113
271.4271716440775
639.5069973228653
56.47571448195154
670.0826365060141
711.7486938263855
823.4458055112304
45.43348318458285
193.66120350545592
927.6852571467836
143.4147223843666
602.6442524469999
976.4837214830044
202.3332032308832
464.4563397489585
428.5661208561502
468.01122045389275
331.43707187782167
786.8096912750345
934.3409447444348
361.55905910714114
488.35033676405584
553.6765107731883
126.29448946287935
974.4474400396809
12.84803131881973
24.47909287018124
25.75387628525272
249.07896980481402
970.0133046058719
895.0369844952313
127.14268081411262
763.8894030964433
21.708866428076345
956.4406875636855
984.2278698988638
269.0950213973706
880.6833702196429
476.0029157072151
132.5571898644714
169.38603884829917
376.15178828576677
156.51884492603142
205.53882134583978
64.1924308332683
949.728024811851
984.168673419354
282.28034368016296
925.875034501684
221.8769407596346
10.74730357978626
217.21732601775633
747.1708241684945
121.59222734183206
132.50760075601588
944.7258354776691
521.448929909163
955.7952522494835
225.7549026522352
526.328063216343
232.8093256895195
709.9895159062669
578.4327253568208
13.763241271606553
127.78351518137809
817.9941589219424
417.2902994715978
38.11088608880419
916.3725915482712
616.1188910778945
471.82472738448433
403.3173126090774
707.3851708310052
705.9322881420736
939.042198538025
861.8898968470085
421.51351293423664
489.8137778344983
917.1834461640913
681.1885131453658
145.31342122885428
214.76935844646138
361.9113821072857
570.6569396351525
390.2294947258221
962.5295254511242
885.0592549072545
33.501061924878115
503.03461824967064
157.73767533699322
263.8903000085396
230.73570871720693
537.5278632827234
331.0753869131344
357.9203386766856
1.184481735602927
742.0633760650586
70.46123337081156
240.70724664158328
767.9325541714621
443.4572422662124
320.9974297724727
745.6123615068227
679.8952953806012
515.0478751267615
453.12901989248655
297.3905027953558
486.5803988303208
805.1607258205746
808.5185360715823
855.5666546935921
324.7847713772535
871.9550975041766
754.4283446193712
30.9095670906413
807.8819604113626
121.60751663924863
629.9419507079356
952.913136497466
551.5192501690652
979.0126108082359
351.14488728373817
264.0489813486216
543.9586553249266
33.65874649019385
857.4241856863252
695.65432624089
574.9589747125009
198.06277660101836
27.33536949904569
40.67147980744612
274.0110726304289
792.1241690757801
170.02404510568292
980.0565661866985
176.90199377654793
123.98593346799913
706.9792524812891
142.52643587505042
638.9977895074361
576.4658823859785
198.93363048163826
981.414896134975
344.29926298316116
427.84864671913715
444.01571697007313
537.7601202735516
621.2383049550023
636.8051520219605
975.797785777779
925.3476121685898
769.3471319466742
603.4331800149362
923.6721407158461
421.283707010551
125.34660231496808
481.8887385180418
863.0281621217941
374.77690233080807
652.8635437060075
964.8048396772266
978.9903224273522
757.1555633844125
426.9016314227918
585.6710013047555
595.0182051172625
67.75179183087788
502.3541422583397
492.5728179895783
876.4566749963216
483.133842415234
305.2606472869045
335.1679811753143
309.1651478697266
591.2694999883457
866.1746516409733
376.5014917208965
374.64267414635776
787.5558766556778
926.9220462774483
192.23954763373163
695.6054989023273
426.251761886977
195.19561061135394
352.127735121889
809.7620013898822
118.70035452047334
795.8436590771299
291.95625257111703
644.5701453325394
148.8321051903181
273.37586362487707
179.04109186924333
712.050123547707
836.7886514288899
337.12295511053446
950.2067307792546
20.2652997149656
823.1103147148131
908.6509592156665
858.4826557798472
706.8730382877427
668.7816917797627
930.4452294633414
803.2021620881119
440.1855524827611
870.5306340060575
825.5427298200881
437.91906518563763
704.4713675216672
376.12839367840354
459.70613015023906
551.533851703224
188.76537015135318
951.0395267321659
950.8963457092144
500.2478854745026
632.2458352120647
295.62202028091843
695.2148277109771
531.4404956836632
644.2751596559962
641.1797036020309
534.1510202124572
685.290598423308
213.49040828641063
663.5206461374522
74.88380501374515
585.9408826627371
847.8683507455369
944.2762152707097
793.5507259538069
841.2293163662804
546.4797109051176
883.0881741585943
700.8119790272481
958.4888595224446
93.68529642896584
917.8712796868094
29.701017326511092
653.6437751009461
487.81641708531
145.71191042078823
617.6669014726682
181.80623016744767
668.9209574871877
953.5636666958515
397.87832637821043
849.8045522115016
93.94532878509287
65.75300577510812
689.2726979628212
184.55039275784424
122.76191027626781
494.4094201131938
780.4980284980406
325.87890824962494
624.740164824947
239.2861961583419
639.8096788042096
88.47254100869351
693.0993383607826
225.03950911249416
451.1472799992707
794.7055029264078
863.0691940563094
886.8848003934526
76.0321842117343
418.7228251336491
769.9242103052038
19.651375407808924
471.5891996604671
801.7941378862556
754.2464906626125
990.6075042359066
556.9105747600255
699.958931339997
524.310700664919
183.0299308224026
13.14444847281704
207.20699428327572
619.2742371976843
585.3430310139735
27.103877667089883
660.9137676473009
81.89434707745403
769.7548897659827
43.856459281637285
480.97724105951744
445.78317362174766
114.66881783755144
180.66924560339336
520.0793482363007
869.7510526495737
16.750147675623552
72.8466611423445
409.7217876193889
10.576789303274658
11.380401220650427
571.4144927529193
75.16222882414081
15.583299880949863
174.33179936945064
893.2658532213635
62.1037960292935
837.6859017615203
912.8471170020281
536.299902072222
568.967324502254
928.1194841543971
270.91103735957375
515.2480209081883
110.80185309667978
245.83974810921038
171.3510791794316
248.29563552924284
554.366364053226
437.63326202459194
596.5078162681809
730.2729650359073
858.6414696116143
989.2596741766649
569.5649009809058
465.10094871848753
231.0067318487844
125.48841255333787
940.2321268903114
998.3436270944766
566.5456953463605
245.6820017622482
401.3252196461723
790.1314447767843
976.4175995457474
721.6160696703931
866.8885499803828
599.384816610177
930.9606139536212
955.5161813421688
327.85762980257016
512.1807105572559
44.169061429170874
698.8302186886924
567.8607470414742
240.26936513657415
808.4122753909297
766.0441326816851
669.6096622254663
340.16248802933444
651.7408403434064
442.88789026988684
71.43189347056833
558.8778244345456
534.8511801891342
84.56779710215523
43.84779284724161
599.3396121037443
930.7567772492055
627.2001461347089
847.6975101730789
216.59820267327402
437.440761433753
994.4102748547626
508.1749921448857
705.4460690159605
462.2410678505553
671.100282363507
93.22661704347645
520.6719828896425
386.44571800682246
37.67751920129203
620.1248668255348
983.1084288188067
369.5529883206037
410.57535203203577
230.62796989914935
767.7924034478658
484.87692062950003
118.68632573123827
72.98876237895368
144.9726410392529
191.65599161397307
360.36736597262177
408.17707329630883
750.361520408279
243.54878150594405
31.965268140655034
818.0318560645534
997.942931337814
9.377402304757808
196.35031065869347
34.660574352883614
116.81229231743629
839.2055185360912
368.73440095841346
833.2549888815582
192.9384827518059
547.31526944034
337.08937925569984
634.5942888007621
527.4016187325749
303.3725401739805
805.770477302825
948.8577669010102
84.57467661376484
224.04837438232084
753.4884579788566
558.9708310929705
796.8811317861426
739.5890764254389
30.563450000234305
389.55991147622717
17.174703386153123
373.3056476508962
385.43237555945274
336.69337545963054
465.4513815307993
916.6785577332606
806.6708625875061
943.9365749749148
603.5180875356615
108.75140152590778
794.329935608419
701.8517656074459
489.40620692000994
835.7127405838247
933.1762040038154
920.924057657166
812.7323762724856
555.0425206621878
930.4641577224982
581.9969858664961
992.8731343303168
118.32594002225139
102.15748331637653
303.65233524654366
933.7338284727293
417.813801405594
144.05581417694935
582.5706212610227
272.05629000660383
314.0356286803626
908.0723590558424
760.7603485307402
730.6240912167934
115.24781303534893
818.9466507972218
752.6451926481168
493.3879738102452
474.2256805481616
512.9660273519448
425.35054649539904
356.4483202822891
943.8855088719843
257.8084459087518
667.1318081364744
776.9952390904191
590.4482732239361
721.4080171805921
601.7387460862983
841.7215904633058
1.3338338166347663
697.7842587044225
110.61147141454897
606.8875142997692
744.7012111614389
469.0643725844772
810.1557777517392
224.1295810457954
838.5263699964651
585.46796877477
897.9460337148485
759.2718719450182
69.33625896615803
978.8113031231863
829.5569128051173
635.8097490115483
64.19373646855509
490.12862950383163
616.8251672966114
190.4018389326828
864.2553143143529
88.29641733641414
648.6955641112586
914.6193850824612
374.1994642820593
284.0853421949486
327.4058016590233
575.3661974383016
469.05030011951357
502.854313380269
485.61729338940074
555.7967428258261
728.3979361910955
469.1397026206394
504.19988627714895
439.22390132732494
737.7431808368265
977.6820381232458
285.7305346800175
70.42149437131006
647.670730716369
777.9712809916991
755.3670775349334
71.89166901478671
213.782362509912
683.1813304228839
358.6102535328802
67.08059120164856
853.7969838219285
429.4028964669951
104.56839991196132
668.189938207652
352.9517100870644
257.3734653434887
63.69075029787719
623.146267855458
724.8149945241513
666.4417357949832
870.5372183280097
384.4540041872796
391.8482553467453
299.29317545168163
705.0037302184387
762.0717678152902
288.5304418301953
456.0025780195138
429.5237132631098
253.11625804389604
709.5852238403317
307.2678310286052
45.11834789798863
103.11155177107945
726.8280295410794
479.21945051243495
395.76920300773924
146.66589203509994
780.376238125033
315.987990257099
98.4388347492079
999.8721561279687
613.4423957032119
791.2518367045299
5.166378000987182
232.3922790529379
64.65719903510936
736.2759408069285
114.01648405175635
734.0996647365416
357.8450212871378
779.4918427336827
737.2620076781503
609.3182667117005
436.4020226392671
151.4580235014168
908.0319673066882
581.1103863975454
577.9028035139733
299.07845083239005
460.75801342225054
68.72977930549462
994.2884142574028
74.24730733449691
956.1043467312753
813.2707830755113
373.96515506816894
114.62515491480507
637.6673711833836
169.70764777277557
354.3700285479233
918.0428610069516
905.5829885504705
957.9330700100084
727.0353318699691
27.067158339493357
371.281132241161
71.06842599534313
771.9112789951993
686.5515122480233
417.9786003676936
876.2325103071965
493.68261967821627
314.53469007840863
333.1026456945444
811.1198080951821
690.0408701368985
135.6389286870283
501.68978353569025
479.15277304634463
720.3514174729892
366.1580902770479
853.9052935060759
976.6375466176806
562.8804723229487
411.31568057316105
745.1810481386607
147.26572766127356
249.72366162421233
637.7115716135785
714.070097356286
952.4696129244804
50.80493272084197
417.76503715173294
110.7689869802141
170.551708355261
841.7905468393382
308.0014937064137
418.359306969608
193.17411970487774
935.489719652712
419.3183432595495
199.17239972615496
774.7066287599473
282.29011455610754
264.9054981844839
990.2822323100291
208.09721631560961
352.40256767360347
630.2844373750257
144.98296673910593
550.3421370589732
201.16673182871892
299.968825957419
571.2097794850986
201.29708197717233
188.39493851997625
796.5394121711578
553.212494721976
351.4850949293407
573.7089047135387
640.4639482330518
359.39354297458925
557.7204585045035
742.0501088756736
22.782828629668074
137.07311764043752
979.782682279937
127.02136724629753
197.819884973522
674.0460853857865
617.0378103472738
994.4435522384597
349.3665879068893
967.1466613059382
220.81922487569705
124.48810608374339
161.32740939261603
179.6384734185369
426.54347166123085
87.97246308725792
832.6029519893154
492.09933902257376
48.95115858555366
250.8822097476302
816.0263259211075
555.5712765589392
414.52690543874695
860.9101427872619
132.45777576835738
741.0982772519895
67.06623479323281
570.7790311806601
713.6811320014422
146.37553676906379
175.52156107988148
535.3418197615666
861.5351509995844
368.085763028157
497.67343286310626
782.9287239156121
575.7514225018859
377.59947610732615
808.8372095629501
906.1381821600364
199.25999416256758
448.06774932909354
291.7294681333203
243.24461821553288
557.2629224283875
972.5378007241932
501.78241395926614
628.6225622547079
525.1643689046746
185.5728007100169
171.60866680221974
479.0635198379647
750.4859910120092
254.95936071726277
298.98308150627054
452.5883115627644
75.18438055873577
945.4375758207473
674.621790706481
167.334166813087
57.32722207985952
72.98961450846441
249.20343460875117
500.32253689437755
874.873276955738
266.0753643879734
513.4907845226475
799.3902323625517
809.3407528193839
129.30412661399959
371.0758759735905
936.2924755561344
453.43748126375806
765.3837082299732
820.1850954457093
504.96410189830823
764.2655242421318
752.789465513382
129.14542214606684
626.1505234451504
92.5016604608685
99.44742271872609
89.52617279796915
758.0974769520715
357.9946360702842
396.8274101132311
361.63576924901844
632.714648750005
613.5088324669116
384.1932643238479
888.9662074037694
937.6053096462101
340.8829871979915
399.35919659062813
851.3424193237346
646.5799293221176
957.6622190389014
740.1526426096699
650.9475766222934
964.7491876119338
177.29969462809657
789.8856321553026
981.0597448093672
699.017700564538
62.314690992756105
870.4882870437652
114.24891331298126
490.77642709639946
837.3312659694554
178.55951694281313
164.94788894630673
754.8187597069328
787.7123414927703
832.4415128574087
230.7243912856447
356.98115062680324
859.5419811425244
12.526640162247027
997.2458506490913
32.736390607416176
897.9981755325564
412.35598886568647
603.8423019720144
299.9435548190181
813.6976148406229
734.6715607426048
309.73709121854876
151.1858859180094
350.38242899712577
764.4345248278744
775.4290752865488
124.60374155639064
542.3587989323456
629.9244013484888
579.3737357672607
446.8567554374715
396.3855128804208
223.38499732264094
927.0253484044598
817.8261169605779
810.2502532100816
394.2849330644904
377.46577378327015
63.893500276159365
249.0601631031879
451.1116709483683
812.2598554451739
325.1109623480417
240.31220602185533
711.720172168311
801.8414285636712
661.3017898571735
320.0985754386728
327.60813068069837
986.6477939432484
963.1090549342052
665.3400618280945
374.0918631495624
83.38498818429385
836.2357649162548
280.7312773543771
246.20823865978835
651.2197018652835
690.595830720185
274.1188085838928
729.2697788216361
808.3583049900249
610.823117260173
450.32368764071117
723.3511598760297
676.3871210752362
710.5612578967449
180.95828904359868
492.58763636668135
447.9122637225581
580.1838706117493
266.5765419400805
483.0168178726512
622.4514609862921
126.07172693586865
297.53561282145813
206.7971801814732
136.19441781953512
569.2992823332538
841.2367385442631
425.98799629731155
823.1619881244079
622.5601182540187
635.9508109534044
885.6772974194333
888.4590269466445
896.3872150394161
855.2247006172332
144.0954548716863
848.7294521992306
399.2003610680589
421.90235997100956
626.4542013843243
700.585956066959
590.4399434063723
297.0843696270319
889.6020446431529
914.7016990906035
822.0226070750049
646.8883866600451
226.18860244714435
221.41422952482858
160.5809016499785
798.662216716482
159.88230284628935
53.10701393655626
521.4256529515437
938.3400240524782
87.28677335967473
939.2970655270527
764.8965381454927
571.9216177643492
307.5538028109325
112.27213332686337
906.7422808190755
876.5933333213752
947.2911529647216
74.2842068503945
876.3994175836023
200.79867339293966
836.2162549567736
901.7205729305166
320.5141730219532
137.6054947177403
218.10710460386363
617.337859068099
793.779117114413
792.0056632115443
291.9548205757521
48.557844482746695
305.13271856519066
90.32233041927118
969.8219128070014
207.98883443543903
594.5966619936023
238.6888041475883
910.7639548171901
381.7497970558101
704.5015256437069
727.6025271539338
844.2722992883935
791.838624131086
378.5794271619661
600.8459135590276
432.0477413880285
910.7002318560772
573.3773077866616
59.6055991165958
433.51680260379624
249.3140044449076
898.6720938103662
856.4107438373985
738.3531918453003
714.5340627245444
117.04521881927388
348.54914530613513
908.3691162288762
437.0803987978913
927.5003116898266
526.9102224944144
231.49271786236315
308.49231314433723
133.98492418606799
813.7422406355888
932.1487517652553
333.5201168970564
956.9032746169772
931.6003288108108
105.21213758731373
303.84515487710087
684.183670102453
685.8009098235283
144.80515928725913
229.6817599662785
78.19122663524026
73.98756374665227
924.560059396661
427.7293907905542
955.7523475059356
738.95181561407
752.5717832944399
157.107114521565
140.7845309650525
414.6417963458666
172.115428845773
219.3162517229762
552.5014753755485
680.330818138867
8.306029820749906
993.9417416753204
536.8901180378423
34.206750430221476
671.2290746685933
968.716275025353
675.132437289118
25.182216593518937
617.6715561102112
940.7355173829131
209.8719521976361
940.514771632282
46.435823561305156
715.0270526705638
918.7010075456635
336.86521828304274
356.31904467447407
307.3392337585358
733.9715345306893
523.711475460888
631.1931611634709
369.93048991046675
659.0089403068089
960.5737963861279
433.22192529617354
802.3038670509576
563.0346567239204
413.29734113178483
483.1027631021646
283.24534001852106
250.58012909327343
629.676101513205
385.3229311219936
766.1883765370025
795.9009822060898
240.99166559243125
416.7712981957189
816.8419317702858
508.8773559594832
573.5797448702494
538.6480343657354
40.18242385651405
56.11217028360305
63.32565190097406
214.46662651693038
743.3245944291135
199.41623453991963
6.029453379470362
321.0439532391047
411.45042093902293
333.59543989984263
447.8709330075069
424.7255634443423
535.8886894387988
506.43207571760064
122.74266206017126
961.6953658485804
826.6029160662695
885.9782067735238
477.00932907154095
409.0696676775786
865.75802926198
703.756570680956
987.2901773202796
362.57820894059455
814.7016889678933
547.1903552688517
173.15051934341795
546.9850827843162
873.6091231794769
500.5598338549766
934.1274243077688
177.00524938745087
811.2048103636016
41.01059086625891
99.30364281043002
759.322897705449
31.38866378871519
784.6147526269635
367.6829574870546
380.4201945375029
324.2578803869367
147.21257776973306
138.90921806273238
760.2760930389348
660.9301054205511
735.7392981114665
86.41032128429282
868.5965665749204
134.73764914988962
817.9675831909958
708.8375232396853
698.0893820666853
425.77594937832475
532.0735129067366
510.7095152835692
868.397644265471
971.4545244561234
592.1597873319583
909.4597147530017
94.65834862111721
362.6117734829705
121.84706105528431
443.6243817859048
196.25364507957744
352.91971543663726
905.2702429982369
365.69804171417263
244.17376607263208
268.71838986001194
783.2938102917077
243.22210315784264
649.512533025468
537.083867292922
142.4860983505688
762.9611739922286
480.9677901072834
511.84822060633763
445.3696968688279
535.5610448251535
65.8204985238091
770.4529284708594
532.6911486832993
331.8711274891784
976.7179766311266
578.9324317347757
991.930022670334
847.1532878006185
835.6884733048931
277.98777017428665
230.99387625136393
785.6879759225346
977.1653629850925
930.0246095605579
22.022308241105627
785.8279599415553
903.4011513428687
685.1939030385083
187.44946871802992
464.33840801917734
638.5032269085534
973.8877806980148
788.9515294462445
648.9018215847557
541.4242157064107
813.8070285617143
649.63183368379
688.9547887965416
873.5921579383953
231.6305374798494
290.77304927670366
587.5631029957929
433.4665478141224
42.48147791974266
396.71207751693095
580.830433658089
868.1583462544053
4.798824098170451
734.8705120967978
706.3750120274611
851.3534691513555
673.8868957825342
52.699428693267826
848.6978955400843
177.13080561417783
114.32956996272824
849.2741087090317
726.8051850957906
960.867233143194
999.6202590106234
76.50109621730594
298.2360855953462
561.2741746180275
526.7723008924394
763.3759803426303
93.68711988878842
541.7110035048053
4.338818818008905
276.45733390496605
67.71270727602385
974.2730737174296
934.1851307024814
430.69881814172027
653.5202130936357
656.7527379295788
900.5205868931702
947.0075678007848
843.6682340830041
360.42438653599817
604.1112712536224
816.3739866752903
283.51415098485154
55.70495266593356
935.258497956959
975.1444461055922
560.5475606667134
173.09379309380867
66.04247097664884
321.9851609896535
100.2843879178592
348.39691350308897
160.49457867648843
514.3114677219016
338.18571400911003
774.0924839198196
450.77534857520374
170.4342453097979
127.10473624194907
232.79532557422365
108.10012875387676
73.40087742966084
661.0538214268564
124.13089673326382
549.0671734809271
723.4852723377014
548.623199180046
312.929687517708
561.2085793850962
118.50784887805
53.171476256308246
424.5050097979879
905.9971417205991
954.642879890646
931.9475395758524
291.87888159373676
863.2068933467551
535.0973081298464
752.5920928410816
620.1719367730665
517.4395423069858
550.021503411861
43.00675330867709
574.9749194278853
455.7918813334164
548.2394412957835
139.3669819009007
924.3710649688257
945.0549149671508
359.86148621575967
137.09459009923387
568.3801989120792
587.4978426956659
948.5706040738761
920.8948496611994
774.9465803113487
916.2055570670299
173.3484918692587
852.5014767712353
208.19467622224096
384.10146561727896
721.6352520480415
328.5628467029468
882.5281350146604
725.2016072059034
39.39232371389656
86.14109745077381
505.24894340465164
722.3107003555045
428.26566171505584
829.5851919093382
280.7255385165667
2.2839366796914007
606.0215731831429
480.07787400960746
140.73963784203514
598.1432351090061
933.6555453819126
107.94590725075525
538.4939371047021
666.7500539349659
201.04998585277878
397.8614447721478
397.8634348217246
931.4013998961922
332.7835326904977
318.35188995031007
544.8256682625663
130.62942457595906
626.6714511664785
519.5746902660744
964.6057738454325
997.6493887787955
169.8432105075176
867.10223937319
525.9248602813295
69.31433009007392
890.6390800913773
434.50132207998627
392.8405624524084
929.0993501419496
299.3356715848522
223.7806984814673
205.02140275144575
325.55240708385645
346.68517978820944
860.3192930353695
248.89729876814505
975.812078903432
986.480988056786
517.6766727121744
264.9802616223035
763.2075340873191
966.8382675536362
367.7263800124205
240.7516404835819
468.61937445338197
94.6046421356761
922.8419170883074
523.8623546620207
137.1947085296743
718.2931359072214
739.4042199887451
856.9958093229027
675.1732841071022
457.1554269300597
85.68842147578326
483.5934452933545
295.99578211004496
267.4905953684146
342.2268302555069
302.74497046358215
990.5296311483778
782.0109019008222
99.03418991524393
161.89715887911882
283.1617344191116
484.0626609268408
141.62010943688276
767.6358940103969
153.67096528953715
685.7267147137529
776.5030027352749
367.64843787205416
154.20833068352437
467.30002481809305
236.97846203610794
311.074239152726
431.37598444839887
705.3859261581741
231.18447739632143
829.8036367600882
575.310731730327
67.79751455310046
47.04476746248687
899.8865520400238
960.8414075839363
385.7049106602912
12.460479518969446
840.0634465620602
520.2040585054165
126.93416274643177
524.1599331201985
383.53337015885216
692.4623863659084
789.0515443778547
304.9045055196753
319.42515527865345
631.6954121880595
906.8439229677349
26.28851328359505
442.03939758648414
624.1779644115092
26.032484372782495
943.1598126361323
468.78017328328934
64.19421067445575
